"Date","Time","Open","High","Low","Close","Vol","OI","SlowK","SlowD","OverBot","OverSld","UlcerX","SafeLevel"
03/20/2017,22:00,140.40,141.50,140.23,141.46,21542038,0,0.00,0.00,0.00,0.00,0.00,0.00
03/21/2017,22:00,142.11,142.80,139.73,139.84,39529912,0,0.00,0.00,0.00,0.00,0.00,0.00
03/22/2017,22:00,139.85,141.60,139.76,141.42,25860165,0,0.00,0.00,0.00,0.00,0.00,0.00
03/23/2017,22:00,141.26,141.58,140.61,140.92,20346301,0,0.00,0.00,0.00,0.00,0.00,0.00
03/24/2017,22:00,141.50,141.74,140.35,140.64,22395563,0,0.00,0.00,0.00,0.00,0.00,0.00
03/27/2017,22:00,139.39,141.22,138.62,140.88,23575094,0,0.00,0.00,0.00,0.00,0.00,0.00
03/28/2017,22:00,140.91,144.04,140.62,143.80,33374805,0,0.00,0.00,0.00,0.00,0.00,0.00
03/29/2017,22:00,143.68,144.49,143.19,144.12,29189955,0,0.00,0.00,0.00,0.00,0.00,0.00
03/30/2017,22:00,144.19,144.50,143.50,143.93,21207252,0,0.00,0.00,0.00,0.00,0.00,0.00
03/31/2017,22:00,143.72,144.27,143.01,143.66,19661651,0,0.00,0.00,0.00,0.00,0.00,0.00
04/03/2017,22:00,143.71,144.12,143.05,143.70,19985714,0,0.00,0.00,0.00,0.00,0.00,0.00
04/04/2017,22:00,143.25,144.89,143.17,144.77,19891354,0,0.00,0.00,0.00,0.00,0.00,0.00
04/05/2017,22:00,144.63,145.46,143.81,144.02,27717854,0,0.00,0.00,0.00,0.00,0.00,0.00
04/06/2017,22:00,144.29,144.52,143.45,143.66,21149034,0,0.00,0.00,0.00,0.00,0.00,0.00
04/07/2017,22:00,143.73,144.18,143.27,143.34,16672198,0,69.01,69.01,80.00,20.00,0.43,5.00
04/10/2017,22:00,143.60,143.88,142.90,143.17,18933397,0,68.18,68.73,80.00,20.00,0.52,5.00
04/11/2017,22:00,142.94,143.35,140.06,141.63,30379376,0,59.84,65.68,80.00,20.00,0.76,5.00
04/12/2017,22:00,141.60,142.15,141.01,141.80,20350000,0,52.34,60.12,80.00,20.00,0.93,5.00
04/13/2017,22:00,141.91,142.38,141.05,141.05,17822880,0,42.01,51.40,80.00,20.00,1.16,5.00
04/17/2017,22:00,141.19,141.88,140.87,141.83,16582094,0,38.68,44.34,80.00,20.00,1.28,5.00
04/18/2017,22:00,141.41,142.04,141.11,141.20,14697544,0,30.27,36.99,80.00,20.00,1.44,5.00
04/19/2017,22:00,141.88,142.00,140.45,140.68,17328375,0,21.79,30.25,80.00,20.00,1.62,5.00
04/20/2017,22:00,141.22,142.92,141.16,142.44,23319562,0,25.56,25.87,80.00,20.00,1.68,5.00
04/21/2017,22:00,142.44,142.68,141.85,142.27,17320928,0,32.16,26.50,80.00,20.00,1.74,5.00
04/24/2017,22:00,143.50,143.95,143.18,143.64,17134333,0,50.43,36.05,80.00,20.00,1.75,5.00
04/25/2017,22:00,143.91,144.90,143.87,144.53,18871501,0,63.33,48.64,80.00,20.00,1.32,5.00
04/26/2017,22:00,144.47,144.60,143.38,143.68,20041241,0,74.62,62.79,80.00,20.00,1.13,5.00
04/27/2017,22:00,143.92,144.16,143.31,143.79,14246347,0,78.38,72.11,80.00,20.00,0.98,5.00
04/28/2017,22:00,144.09,144.30,143.27,143.65,20860358,0,75.34,76.11,80.00,20.00,0.91,5.00
05/01/2017,22:00,145.10,147.20,144.96,146.58,33602943,0,82.28,78.67,80.00,20.00,0.39,5.00
05/02/2017,22:00,147.54,148.09,146.84,147.51,45352194,0,87.51,81.71,80.00,20.00,0.39,5.00
05/03/2017,22:00,145.59,147.49,144.27,147.06,45697034,0,90.05,86.62,80.00,20.00,0.37,5.00
05/04/2017,22:00,146.52,147.14,145.81,146.53,23371872,0,86.17,87.91,80.00,20.00,0.41,5.00
05/05/2017,22:00,146.76,148.98,146.76,148.96,27327725,0,89.04,88.42,80.00,20.00,0.34,5.00
05/08/2017,22:00,149.03,153.70,149.03,153.01,48752413,0,92.28,89.16,80.00,20.00,0.33,5.00
05/09/2017,22:00,153.87,154.88,153.45,153.99,39130363,0,95.49,92.27,80.00,20.00,0.33,5.00
05/10/2017,22:00,153.63,153.94,152.11,153.26,25805692,0,92.00,93.26,80.00,20.00,0.35,5.00
05/11/2017,22:00,152.67,154.07,152.31,153.95,27255058,0,91.05,92.85,80.00,20.00,0.35,5.00
05/12/2017,22:00,154.70,156.42,154.67,156.10,32527017,0,92.42,91.83,80.00,20.00,0.35,5.00
05/15/2017,22:00,156.01,156.65,155.05,155.70,26009719,0,94.25,92.57,80.00,20.00,0.24,5.00
05/16/2017,22:00,155.94,156.06,154.72,155.47,20048478,0,93.86,93.51,80.00,20.00,0.27,5.00
05/17/2017,22:00,153.95,154.57,149.71,150.25,50767678,0,78.75,88.95,80.00,20.00,1.04,5.00
05/18/2017,22:00,151.27,153.34,151.13,152.54,33568215,0,70.13,80.91,80.00,20.00,1.20,5.00
05/19/2017,22:00,153.38,153.98,152.63,153.06,26960788,0,63.03,70.64,80.00,20.00,1.31,5.00
05/22/2017,22:00,154.00,154.58,152.91,153.99,22966437,0,72.11,68.42,80.00,20.00,1.35,5.00
05/23/2017,22:00,154.90,154.90,153.31,153.80,19918871,0,74.44,69.86,80.00,20.00,1.40,5.00
05/24/2017,22:00,153.84,154.17,152.67,153.34,19219154,0,73.36,73.30,80.00,20.00,1.48,5.00
05/25/2017,22:00,153.73,154.35,153.03,153.87,19235598,0,68.47,72.09,80.00,20.00,1.53,5.00
05/26/2017,22:00,153.82,154.24,153.31,153.61,21927637,0,62.66,68.16,80.00,20.00,1.59,5.00
05/30/2017,22:00,153.42,154.43,153.33,153.67,20126851,0,59.07,63.40,80.00,20.00,1.63,5.00
05/31/2017,22:00,153.97,154.17,152.38,152.76,24451164,0,52.40,58.04,80.00,20.00,1.73,5.00
06/01/2017,22:00,153.17,153.33,152.22,153.18,16404088,0,50.34,53.94,80.00,20.00,1.80,5.00
06/02/2017,22:00,153.58,155.45,152.89,155.45,27770715,0,58.89,53.87,80.00,20.00,1.59,5.00
06/05/2017,22:00,154.34,154.45,153.46,153.93,25331662,0,66.39,58.54,80.00,20.00,1.49,5.00
06/06/2017,22:00,153.90,155.81,153.78,154.45,26624926,0,75.81,67.03,80.00,20.00,0.43,5.00
06/07/2017,22:00,155.02,155.98,154.48,155.37,21069647,0,76.30,72.83,80.00,20.00,0.43,5.00
06/08/2017,22:00,155.25,155.54,154.40,154.99,21250798,0,79.88,77.33,80.00,20.00,0.44,5.00
06/09/2017,22:00,155.19,155.19,146.02,148.98,64882657,0,53.69,69.96,80.00,20.00,1.20,5.00
06/12/2017,22:00,145.74,146.09,142.51,145.42,72307330,0,31.78,55.11,80.00,20.00,2.09,5.00
06/13/2017,22:00,147.16,147.45,145.15,146.59,34165445,0,26.96,37.48,80.00,20.00,2.59,5.00
06/14/2017,22:00,147.50,147.50,143.84,145.16,31531232,0,23.86,27.53,80.00,20.00,3.13,5.00
06/15/2017,22:00,143.32,144.48,142.21,144.29,32165373,0,21.64,24.15,80.00,20.00,3.67,5.00
06/16/2017,22:00,143.78,144.50,142.20,142.27,50361093,0,11.70,19.07,80.00,20.00,4.31,5.00
06/19/2017,22:00,143.98,146.74,143.66,146.34,32541404,0,15.22,16.19,80.00,20.00,4.59,5.00
06/20/2017,22:00,146.87,146.87,144.94,145.01,24900073,0,16.98,14.63,80.00,20.00,4.93,5.00
06/21/2017,22:00,145.52,146.07,144.61,145.87,21265751,0,25.69,19.30,80.00,20.00,5.19,5.00
06/22/2017,22:00,145.77,146.70,145.12,145.63,19106294,0,23.97,22.21,80.00,20.00,5.41,5.00
06/23/2017,22:00,145.13,147.16,145.11,146.28,35439389,0,27.04,25.57,80.00,20.00,5.63,5.00
06/26/2017,22:00,147.17,148.28,145.38,145.82,25692361,0,26.92,25.98,80.00,20.00,5.87,5.00
06/27/2017,22:00,145.01,146.16,143.62,143.73,24761891,0,22.57,25.51,80.00,20.00,5.98,5.00
06/28/2017,22:00,143.95,146.11,143.16,145.83,22082432,0,21.89,23.79,80.00,20.00,2.53,5.00
06/29/2017,22:00,144.71,145.13,142.28,143.68,31499368,0,20.49,21.65,80.00,20.00,1.26,5.00
06/30/2017,22:00,144.71,144.96,143.78,144.02,23024107,0,27.55,23.31,80.00,20.00,1.35,5.00
07/03/2017,22:00,144.88,145.30,143.10,143.50,13068428,0,25.22,24.42,80.00,20.00,1.15,5.00
07/05/2017,22:00,143.69,144.79,142.72,144.09,21569557,0,27.47,26.75,80.00,20.00,1.15,5.00
07/06/2017,22:00,143.02,143.50,142.41,142.73,24128782,0,20.39,24.36,80.00,20.00,1.27,5.00
07/07/2017,22:00,142.90,144.75,142.90,144.18,19201712,0,23.79,23.88,80.00,20.00,1.33,5.00
07/10/2017,22:00,144.11,145.95,143.37,145.06,21090636,0,28.82,24.33,80.00,20.00,1.29,5.00
07/11/2017,22:00,144.73,145.85,144.38,145.53,19781836,0,44.06,32.22,80.00,20.00,1.30,5.00
07/12/2017,22:00,145.87,146.18,144.82,145.74,24884478,0,52.72,41.86,80.00,20.00,1.30,5.00
07/13/2017,22:00,145.50,148.49,145.44,147.77,25199373,0,67.00,54.59,80.00,20.00,1.30,5.00
07/14/2017,22:00,147.97,149.33,147.33,149.04,20132061,0,81.57,67.10,80.00,20.00,1.06,5.00
07/17/2017,22:00,148.82,150.90,148.57,149.56,23793456,0,89.26,79.27,80.00,20.00,0.99,5.00
07/18/2017,22:00,149.41,150.13,148.67,150.08,17868792,0,89.91,86.91,80.00,20.00,0.99,5.00
07/19/2017,22:00,150.48,151.42,149.95,151.02,20922969,0,90.30,89.82,80.00,20.00,0.27,5.00
07/20/2017,22:00,151.50,151.74,150.19,150.34,17243748,0,90.33,90.18,80.00,20.00,0.30,5.00
07/21/2017,22:00,150.01,150.44,148.88,150.27,26252630,0,88.24,89.62,80.00,20.00,0.31,5.00
07/24/2017,22:00,150.58,152.44,149.90,152.09,21493160,0,88.78,89.11,80.00,20.00,0.31,5.00
07/25/2017,22:00,152.28,153.84,151.80,152.74,18853932,0,90.52,89.18,80.00,20.00,0.18,5.00
07/26/2017,22:00,153.35,153.93,153.06,153.46,15780951,0,94.09,91.13,80.00,20.00,0.18,5.00
07/27/2017,22:00,153.75,153.99,147.30,150.56,32476337,0,84.89,89.83,80.00,20.00,0.54,5.00
07/28/2017,22:00,149.89,150.23,149.19,149.50,17213653,0,73.16,84.05,80.00,20.00,0.87,5.00
07/31/2017,22:00,149.90,150.33,148.13,148.73,19845920,0,55.17,71.07,80.00,20.00,1.20,5.00
08/01/2017,22:00,149.10,150.22,148.41,150.05,35368645,0,49.91,59.41,80.00,20.00,1.34,5.00
08/02/2017,22:00,159.52,159.75,156.16,157.14,69936800,0,60.86,55.31,80.00,20.00,1.34,5.00
08/03/2017,22:00,157.05,157.21,155.02,155.57,27097296,0,67.92,59.56,80.00,20.00,1.37,5.00
08/04/2017,22:00,156.07,157.40,155.69,156.39,20559852,0,72.82,67.20,80.00,20.00,1.37,5.00
08/07/2017,22:00,157.06,158.92,156.67,158.81,21870321,0,77.30,72.68,80.00,20.00,1.37,5.00
08/08/2017,22:00,158.60,161.83,158.27,160.08,36205896,0,84.66,78.26,80.00,20.00,1.36,5.00
08/09/2017,22:00,159.26,161.27,159.11,161.06,26131530,0,91.66,84.54,80.00,20.00,1.36,5.00
08/10/2017,22:00,159.90,160.00,154.63,155.32,40804273,0,79.28,85.20,80.00,20.00,1.66,5.00
08/11/2017,22:00,156.60,158.57,156.07,157.48,26257096,0,73.32,81.42,80.00,20.00,1.76,5.00
08/14/2017,22:00,159.32,160.21,158.75,159.85,22122734,0,70.54,74.38,80.00,20.00,1.77,5.00
08/15/2017,22:00,160.66,162.20,160.14,161.60,29465487,0,84.24,76.03,80.00,20.00,1.24,5.00
08/16/2017,22:00,161.94,162.51,160.15,160.95,27671612,0,90.55,81.78,80.00,20.00,1.19,5.00
08/17/2017,22:00,160.52,160.71,157.84,157.86,27940565,0,84.40,86.40,80.00,20.00,1.33,5.00
08/18/2017,22:00,157.86,159.50,156.72,157.50,27428069,0,73.82,82.92,80.00,20.00,1.50,5.00
08/21/2017,22:00,157.50,157.89,155.11,157.21,26368528,0,58.86,72.36,80.00,20.00,1.66,5.00
08/22/2017,22:00,158.23,160.00,158.02,159.78,21604585,0,56.33,63.00,80.00,20.00,1.66,5.00
08/23/2017,22:00,159.07,160.47,158.88,159.98,19399081,0,55.33,56.84,80.00,20.00,1.69,5.00
08/24/2017,22:00,160.43,160.74,158.55,159.27,19818918,0,64.04,58.57,80.00,20.00,1.73,5.00
08/25/2017,22:00,159.65,160.56,159.27,159.86,25480063,0,64.38,61.25,80.00,20.00,1.75,5.00
08/28/2017,22:00,160.14,162.00,159.93,161.47,25965972,0,70.69,66.37,80.00,20.00,1.75,5.00
08/29/2017,22:00,160.10,163.12,160.00,162.91,29516910,0,83.92,73.00,80.00,20.00,1.33,5.00
08/30/2017,22:00,163.80,163.89,162.61,163.35,27269584,0,92.88,82.50,80.00,20.00,1.33,5.00
08/31/2017,22:00,163.64,164.52,163.48,164.00,26785096,0,95.24,90.68,80.00,20.00,1.33,5.00
09/01/2017,22:00,164.80,164.94,163.63,164.05,16591051,0,93.04,93.72,80.00,20.00,1.33,5.00
09/05/2017,22:00,163.75,164.25,160.56,162.08,29536314,0,85.31,91.20,80.00,20.00,1.12,5.00
09/06/2017,22:00,162.71,162.99,160.52,161.91,21651726,0,77.01,85.12,80.00,20.00,0.50,5.00
09/07/2017,22:00,162.09,162.24,160.36,161.26,21928502,0,67.55,76.62,80.00,20.00,0.67,5.00
09/08/2017,22:00,160.86,161.15,158.53,158.63,28611535,0,55.85,66.80,80.00,20.00,1.11,5.00
09/11/2017,22:00,160.50,162.05,159.89,161.50,31580798,0,49.47,57.62,80.00,20.00,1.18,5.00
09/12/2017,22:00,162.61,163.96,158.77,160.86,71714046,0,40.28,48.54,80.00,20.00,1.29,5.00
09/13/2017,22:00,159.87,159.96,157.91,159.65,44907361,0,37.08,42.28,80.00,20.00,1.47,5.00
09/14/2017,22:00,158.99,159.40,158.09,158.28,23760749,0,21.69,33.02,80.00,20.00,1.75,5.00
09/15/2017,22:00,158.47,160.97,158.00,159.88,49114602,0,19.35,26.04,80.00,20.00,1.87,5.00
09/18/2017,22:00,160.11,160.50,158.00,158.67,28269435,0,14.70,18.58,80.00,20.00,2.07,5.00
09/19/2017,22:00,159.51,159.77,158.44,158.73,20810632,0,16.83,16.96,80.00,20.00,2.24,5.00
09/20/2017,22:00,157.90,158.26,153.83,156.07,52951364,0,15.18,15.57,80.00,20.00,2.59,5.00
09/21/2017,22:00,155.80,155.80,152.75,153.39,37511661,0,12.20,14.74,80.00,20.00,3.12,5.00
09/22/2017,22:00,152.02,152.27,150.56,151.89,46645443,0,11.38,12.92,80.00,20.00,2.75,5.00
09/25/2017,22:00,149.99,151.83,149.16,150.55,44387336,0,8.26,10.61,80.00,20.00,3.27,5.00
09/26/2017,22:00,151.78,153.92,151.69,153.14,36660045,0,15.48,11.71,80.00,20.00,3.38,5.00
09/27/2017,22:00,153.80,154.72,153.54,154.23,25504227,0,23.51,15.75,80.00,20.00,3.56,5.00
09/28/2017,22:00,153.89,154.28,152.70,153.28,22005455,0,29.66,22.88,80.00,20.00,3.81,5.00
09/29/2017,22:00,153.21,154.13,152.00,154.12,26299810,0,31.87,28.35,80.00,20.00,3.68,5.00
10/02/2017,22:00,154.26,154.45,152.72,153.81,18698842,0,33.16,31.56,80.00,20.00,3.36,5.00
10/03/2017,22:00,154.01,155.09,153.91,154.48,16230293,0,38.86,34.63,80.00,20.00,3.47,5.00
10/04/2017,22:00,153.63,153.86,152.46,153.48,20163750,0,40.33,37.45,80.00,20.00,3.63,5.00
10/05/2017,22:00,154.18,155.44,154.05,155.39,21283769,0,45.39,41.53,80.00,20.00,3.07,5.00
10/06/2017,22:00,154.97,155.49,154.56,155.30,17407558,0,49.44,45.05,80.00,20.00,3.13,5.00
10/09/2017,22:00,155.81,156.73,155.49,155.84,16262923,0,61.35,52.06,80.00,20.00,1.66,5.00
10/10/2017,22:00,156.06,158.00,155.10,155.90,15617014,0,68.51,59.77,80.00,20.00,0.61,5.00
10/11/2017,22:00,155.97,156.98,155.75,156.55,16905640,0,77.71,69.19,80.00,20.00,0.34,5.00
10/12/2017,22:00,156.35,157.37,155.73,156.00,16125054,0,79.07,75.10,80.00,20.00,0.27,5.00
10/13/2017,22:00,156.73,157.28,156.41,156.99,16394188,0,81.41,79.40,80.00,20.00,0.27,5.00
10/16/2017,22:00,157.90,160.00,157.65,159.88,24121452,0,86.48,82.32,80.00,20.00,0.27,5.00
10/17/2017,22:00,159.78,160.87,159.23,160.47,18997275,0,93.40,87.10,80.00,20.00,0.20,5.00
10/18/2017,22:00,160.42,160.71,159.60,159.76,16374164,0,93.67,91.18,80.00,20.00,0.24,5.00
10/19/2017,22:00,156.75,157.08,155.02,155.98,42584166,0,75.53,87.53,80.00,20.00,0.78,5.00
10/20/2017,22:00,156.94,157.75,155.96,156.25,23974146,0,58.66,75.95,80.00,20.00,1.05,5.00
10/23/2017,22:00,156.89,157.69,155.50,156.17,21984327,0,43.68,59.29,80.00,20.00,1.26,5.00
10/24/2017,22:00,156.29,157.42,156.20,157.10,17757230,0,44.63,48.99,80.00,20.00,1.38,5.00
10/25/2017,22:00,156.91,157.55,155.27,156.41,21207098,0,39.97,42.76,80.00,20.00,1.54,5.00
10/26/2017,22:00,157.23,157.83,156.78,157.41,17000469,0,38.41,41.00,80.00,20.00,1.62,5.00
10/27/2017,22:00,159.29,163.60,158.70,163.05,44454160,0,59.16,45.85,80.00,20.00,1.62,5.00
10/30/2017,22:00,163.89,168.07,163.72,166.72,44700772,0,80.49,59.35,80.00,20.00,1.62,5.00
10/31/2017,22:00,167.90,169.65,166.94,169.04,36046828,0,93.08,77.58,80.00,20.00,1.62,5.00
11/01/2017,22:00,169.87,169.94,165.61,166.89,33637762,0,88.24,87.27,80.00,20.00,1.65,5.00
11/02/2017,22:00,167.64,168.50,165.28,168.11,41393373,0,87.65,89.66,80.00,20.00,1.66,5.00
11/03/2017,22:00,174.00,174.26,171.12,172.50,59398631,0,86.47,87.46,80.00,20.00,1.66,5.00
11/06/2017,22:00,172.37,174.99,171.72,174.25,35026306,0,92.00,88.71,80.00,20.00,1.38,5.00
11/07/2017,22:00,173.91,175.25,173.60,174.81,24361485,0,95.05,91.18,80.00,20.00,0.39,5.00
11/08/2017,22:00,174.66,176.24,174.33,176.24,24409527,0,98.07,95.04,80.00,20.00,0.39,5.00
11/09/2017,22:00,175.11,176.10,173.14,175.88,29482596,0,98.71,97.28,80.00,20.00,0.39,5.00
11/10/2017,22:00,175.11,175.38,174.27,174.67,25145500,0,96.93,97.91,80.00,20.00,0.46,5.00
11/13/2017,22:00,173.50,174.50,173.40,173.97,16982080,0,93.32,96.32,80.00,20.00,0.56,5.00
11/14/2017,22:00,173.04,173.48,171.18,171.34,24782487,0,85.77,92.01,80.00,20.00,0.93,5.00
11/15/2017,22:00,169.97,170.32,168.38,169.08,29158070,0,75.28,84.79,80.00,20.00,1.43,5.00
11/16/2017,22:00,171.18,171.87,170.30,171.10,23637484,0,65.27,75.44,80.00,20.00,1.63,5.00
11/17/2017,22:00,171.04,171.39,169.64,170.15,21899544,0,55.17,65.24,80.00,20.00,1.87,5.00
11/20/2017,22:00,170.29,170.56,169.56,169.98,16262447,0,49.22,56.55,80.00,20.00,2.07,5.00
11/21/2017,22:00,170.78,173.70,170.78,173.14,25131295,0,53.01,52.47,80.00,20.00,2.12,5.00
11/22/2017,22:00,173.36,175.00,173.05,174.96,25588925,0,64.27,55.50,80.00,20.00,2.13,5.00
11/24/2017,22:00,175.10,175.50,174.65,174.97,14026673,0,78.82,65.37,80.00,20.00,2.14,5.00
11/27/2017,22:00,175.05,175.08,173.34,174.09,20716802,0,80.07,74.39,80.00,20.00,2.16,5.00
11/28/2017,22:00,174.30,174.87,171.86,173.07,26428802,0,72.05,76.98,80.00,20.00,2.21,5.00
11/29/2017,22:00,172.63,172.92,167.16,169.48,41666364,0,51.58,67.90,80.00,20.00,2.27,5.00
11/30/2017,22:00,170.43,172.14,168.44,171.85,41527218,0,46.54,56.72,80.00,20.00,1.84,5.00
12/01/2017,22:00,169.95,171.67,168.50,171.05,39759288,0,42.54,46.89,80.00,20.00,1.75,5.00
12/04/2017,22:00,172.48,172.62,169.63,169.80,32542385,0,44.84,44.64,80.00,20.00,1.49,5.00
12/05/2017,22:00,169.27,171.52,168.40,169.64,27350154,0,36.01,41.13,80.00,20.00,1.65,5.00
12/06/2017,22:00,167.50,170.20,166.46,169.01,28560000,0,29.82,36.89,80.00,20.00,1.89,5.00
12/07/2017,22:00,169.03,170.44,168.91,169.32,25673308,0,29.86,31.90,80.00,20.00,2.06,5.00
12/08/2017,22:00,170.49,171.00,168.82,169.37,23355231,0,30.68,30.12,80.00,20.00,2.23,5.00
12/11/2017,22:00,169.20,172.89,168.79,172.67,35273759,0,44.17,34.91,80.00,20.00,2.26,5.00
12/12/2017,22:00,172.15,172.39,171.46,171.70,19409230,0,52.95,42.60,80.00,20.00,2.31,5.00
12/13/2017,22:00,172.50,173.54,172.00,172.27,23818447,0,63.64,53.59,80.00,20.00,2.35,5.00
12/14/2017,22:00,172.40,173.13,171.65,172.22,20476541,0,62.96,59.85,80.00,20.00,1.94,5.00
12/15/2017,22:00,173.47,174.17,172.46,173.97,40169307,0,73.19,66.60,80.00,20.00,1.45,5.00
12/18/2017,22:00,174.88,177.20,174.86,176.42,29421114,0,83.65,73.27,80.00,20.00,0.87,5.00
12/19/2017,22:00,174.68,175.39,174.09,174.54,27436447,0,85.48,80.77,80.00,20.00,0.92,5.00
12/20/2017,22:00,174.87,175.42,173.25,174.35,23475649,0,80.48,83.20,80.00,20.00,0.74,5.00
12/21/2017,22:00,174.17,176.02,174.10,175.01,20949896,0,76.10,80.69,80.00,20.00,0.53,5.00
12/22/2017,22:00,174.68,175.42,174.50,175.01,16349444,0,77.56,78.05,80.00,20.00,0.56,5.00
12/26/2017,22:00,170.80,171.47,169.68,170.57,33185536,0,65.83,73.16,80.00,20.00,1.04,5.00
12/27/2017,22:00,170.10,170.78,169.71,170.60,21498213,0,48.41,63.93,80.00,20.00,1.37,5.00
12/28/2017,22:00,171.00,171.85,170.48,171.08,16480187,0,29.79,48.01,80.00,20.00,1.59,5.00
12/29/2017,22:00,170.52,170.59,169.22,169.23,25999922,0,17.99,32.06,80.00,20.00,1.92,5.00
01/02/2018,22:00,170.16,172.30,169.26,172.26,25555934,0,23.27,23.68,80.00,20.00,2.02,5.00
01/03/2018,22:00,172.53,174.55,171.96,172.23,29517899,0,26.63,22.63,80.00,20.00,2.12,5.00
01/04/2018,22:00,172.54,173.47,172.08,173.03,22434597,0,41.19,30.36,80.00,20.00,2.18,5.00
01/05/2018,22:00,173.44,175.37,173.05,175.00,23660018,0,52.63,40.15,80.00,20.00,2.19,5.00
01/08/2018,22:00,174.35,175.61,173.93,174.35,20567766,0,61.49,51.77,80.00,20.00,2.21,5.00
01/09/2018,22:00,174.55,175.06,173.41,174.33,21583997,0,70.39,61.50,80.00,20.00,1.59,5.00
01/10/2018,22:00,173.16,174.30,173.00,174.29,23959895,0,70.95,67.61,80.00,20.00,1.59,5.00
01/11/2018,22:00,174.59,175.49,174.49,175.28,18667729,0,79.61,73.65,80.00,20.00,1.59,5.00
01/12/2018,22:00,176.18,177.36,175.65,177.09,25418080,0,87.40,79.32,80.00,20.00,1.59,5.00
01/16/2018,22:00,177.90,179.39,176.14,176.19,29565947,0,83.23,83.41,80.00,20.00,0.37,5.00
01/17/2018,22:00,176.15,179.25,175.07,179.10,34386836,0,86.80,85.81,80.00,20.00,0.37,5.00
01/18/2018,22:00,179.37,180.10,178.25,179.26,31193352,0,86.13,85.39,80.00,20.00,0.37,5.00
01/19/2018,22:00,178.61,179.58,177.41,178.46,32425067,0,91.32,88.08,80.00,20.00,0.25,5.00
01/22/2018,22:00,177.30,177.78,176.60,177.00,27108551,0,82.88,86.78,80.00,20.00,0.42,5.00
01/23/2018,22:00,177.30,179.44,176.82,177.04,32689146,0,73.88,82.70,80.00,20.00,0.54,5.00
01/24/2018,22:00,177.25,177.30,173.20,174.22,51105090,0,55.41,70.72,80.00,20.00,0.92,5.00
01/25/2018,22:00,174.51,174.95,170.53,171.11,41529004,0,30.31,53.20,80.00,20.00,1.53,5.00
01/26/2018,22:00,172.00,172.00,170.06,171.51,39143011,0,15.09,33.60,80.00,20.00,1.91,5.00
01/29/2018,22:00,169.92,170.16,167.07,167.96,50640406,0,8.95,18.12,80.00,20.00,2.54,5.00
01/30/2018,22:00,165.53,167.37,164.70,166.97,46048185,0,11.98,12.01,80.00,20.00,3.13,5.00
01/31/2018,22:00,166.87,168.44,166.50,167.43,32478930,0,13.44,11.46,80.00,20.00,3.60,5.00
02/01/2018,22:00,167.17,168.62,166.76,167.78,47230787,0,17.49,14.30,80.00,20.00,3.98,5.00
02/02/2018,22:00,166.50,166.80,160.10,160.50,86593825,0,12.22,14.38,80.00,20.00,4.87,5.00
02/05/2018,22:00,159.10,163.88,156.00,156.49,72738522,0,6.67,12.13,80.00,20.00,5.93,5.00
02/06/2018,22:00,154.83,163.72,154.00,163.03,68243838,0,14.13,11.01,80.00,20.00,6.41,5.00
02/07/2018,22:00,163.09,163.40,159.07,159.54,51608580,0,19.87,13.56,80.00,20.00,6.70,5.00
02/08/2018,22:00,160.29,161.00,155.03,155.15,54390516,0,20.38,18.13,80.00,20.00,6.94,5.00
02/09/2018,22:00,156.56,157.89,150.24,156.41,70672608,0,16.03,18.76,80.00,20.00,7.61,5.00
02/12/2018,22:00,158.50,163.89,157.51,162.71,60819539,0,24.22,20.21,80.00,20.00,6.60,5.00
02/13/2018,22:00,161.95,164.75,161.65,164.34,32549163,0,40.43,26.90,80.00,20.00,5.51,5.00
02/14/2018,22:00,163.05,167.54,162.88,167.37,40644933,0,59.43,41.36,80.00,20.00,5.55,5.00
02/15/2018,22:00,169.79,173.09,169.00,172.99,51147171,0,77.87,59.25,80.00,20.00,3.97,5.00
02/16/2018,22:00,172.36,174.82,171.77,172.43,40176091,0,89.71,75.67,80.00,20.00,3.89,5.00
02/20/2018,22:00,172.05,174.26,171.42,171.85,33930540,0,92.42,86.67,80.00,20.00,3.90,5.00
02/21/2018,22:00,172.83,174.12,171.01,171.07,37471623,0,87.65,89.92,80.00,20.00,3.91,5.00
02/22/2018,22:00,171.80,173.95,171.71,172.50,30991940,0,87.74,89.27,80.00,20.00,1.94,5.00
02/23/2018,22:00,173.67,175.65,173.54,175.50,33812360,0,91.66,89.02,80.00,20.00,1.82,5.00
02/26/2018,22:00,176.35,179.39,176.21,178.97,38162174,0,96.35,91.92,80.00,20.00,1.82,5.00
02/27/2018,22:00,179.10,180.48,178.16,178.39,38928125,0,96.86,94.96,80.00,20.00,0.98,5.00
02/28/2018,22:00,179.26,180.62,178.05,178.12,37782138,0,94.42,95.88,80.00,20.00,0.39,5.00
03/01/2018,22:00,178.54,179.78,172.66,175.00,48801970,0,88.78,93.35,80.00,20.00,0.71,5.00
03/02/2018,22:00,172.80,176.30,172.45,176.21,38453950,0,85.06,89.42,80.00,20.00,0.82,5.00
03/05/2018,22:00,175.21,177.74,174.52,176.82,28401366,0,80.91,84.92,80.00,20.00,0.88,5.00
03/06/2018,22:00,177.91,178.25,176.13,176.67,23788506,0,79.67,81.88,80.00,20.00,0.95,5.00
03/07/2018,22:00,174.94,175.85,174.27,175.03,31703462,0,72.40,77.66,80.00,20.00,1.12,5.00
03/08/2018,22:00,175.48,177.12,175.07,176.94,23774107,0,66.08,72.72,80.00,20.00,1.12,5.00
03/09/2018,22:00,177.96,180.00,177.39,179.98,32185162,0,67.87,68.78,80.00,20.00,1.10,5.00
03/12/2018,22:00,180.29,182.39,180.21,181.72,32207081,0,83.69,72.55,80.00,20.00,1.10,5.00
03/13/2018,22:00,182.59,183.50,179.24,179.97,31693529,0,85.23,78.93,80.00,20.00,1.13,5.00
03/14/2018,22:00,180.32,180.52,177.81,178.44,29368356,0,72.94,80.62,80.00,20.00,1.23,5.00
03/15/2018,22:00,178.50,180.24,178.07,178.65,22743798,0,60.34,72.84,80.00,20.00,1.31,5.00
03/16/2018,22:00,178.65,179.12,177.62,178.02,39404688,0,53.57,62.29,80.00,20.00,1.26,5.00
03/19/2018,22:00,177.32,177.47,173.66,175.30,33446771,0,44.10,52.67,80.00,20.00,1.52,5.00
03/20/2018,22:00,175.24,176.80,174.94,175.24,19649350,0,33.82,43.83,80.00,20.00,1.63,5.00
03/21/2018,22:00,175.04,175.09,171.26,171.27,37054935,0,16.45,31.46,80.00,20.00,2.24,5.00
03/22/2018,22:00,170.00,172.68,168.60,168.85,41490767,0,7.99,19.42,80.00,20.00,2.94,5.00
03/23/2018,22:00,168.39,169.92,164.94,164.94,41028784,0,0.57,8.34,80.00,20.00,3.83,5.00
03/26/2018,22:00,168.07,173.10,166.44,172.77,37541236,0,15.53,8.03,80.00,20.00,4.05,5.00
03/27/2018,22:00,173.68,175.15,166.92,168.34,40922579,0,20.17,12.09,80.00,20.00,4.50,5.00
03/28/2018,22:00,167.25,170.02,165.19,166.48,41668545,0,22.93,19.55,80.00,20.00,5.03,5.00
03/29/2018,22:00,167.81,171.75,166.90,167.78,38398505,0,13.97,19.03,80.00,20.00,5.43,5.00
04/02/2018,22:00,167.88,168.94,164.47,166.68,37586791,0,11.74,16.21,80.00,20.00,5.08,5.00
04/03/2018,22:00,167.64,168.75,164.88,168.39,30278046,0,16.72,14.14,80.00,20.00,4.77,5.00
04/04/2018,22:00,164.88,172.01,164.77,171.61,34605489,0,26.10,18.19,80.00,20.00,4.89,5.00
04/05/2018,22:00,172.58,174.23,172.08,172.80,26933197,0,41.73,28.18,80.00,20.00,4.66,5.00
04/06/2018,22:00,170.97,172.48,168.20,168.38,35005290,0,44.63,37.49,80.00,20.00,3.56,5.00
04/09/2018,22:00,169.88,173.09,169.85,170.05,29017718,0,44.57,43.64,80.00,20.00,3.62,5.00
04/10/2018,22:00,173.00,174.00,171.53,173.25,28614241,0,50.74,46.65,80.00,20.00,2.27,5.00
04/11/2018,22:00,172.23,173.92,171.70,172.44,22431640,0,66.28,53.86,80.00,20.00,2.11,5.00
04/12/2018,22:00,173.41,175.00,173.04,174.14,22889285,0,82.46,66.49,80.00,20.00,2.01,5.00
04/13/2018,22:00,174.78,175.84,173.85,174.73,25124255,0,85.24,77.99,80.00,20.00,2.01,5.00
04/16/2018,22:00,175.03,176.19,174.83,175.82,21578420,0,92.63,86.78,80.00,20.00,0.91,5.00
04/17/2018,22:00,176.49,178.94,176.41,178.24,26605442,0,94.20,90.69,80.00,20.00,0.83,5.00
04/18/2018,22:00,177.81,178.82,176.88,177.84,20754538,0,94.66,93.83,80.00,20.00,0.84,5.00
04/19/2018,22:00,174.95,175.39,172.66,172.80,34808800,0,81.71,90.19,80.00,20.00,1.15,5.00
04/20/2018,22:00,170.60,171.22,165.43,165.72,65491140,0,52.54,76.30,80.00,20.00,2.20,5.00
04/23/2018,22:00,166.83,166.92,164.09,165.24,36515477,0,23.98,52.74,80.00,20.00,2.94,5.00
04/24/2018,22:00,165.67,166.33,161.22,162.94,33692017,0,8.17,28.23,80.00,20.00,3.73,5.00
04/25/2018,22:00,162.62,165.42,162.41,163.65,28382084,0,10.54,14.23,80.00,20.00,4.25,5.00
04/26/2018,22:00,164.12,165.73,163.37,164.22,27963014,0,13.45,10.72,80.00,20.00,4.74,5.00
04/27/2018,22:00,164.00,164.33,160.63,162.32,35655839,0,13.25,12.41,80.00,20.00,5.31,5.00
04/30/2018,22:00,162.13,167.26,161.84,165.26,42427424,0,17.15,14.62,80.00,20.00,5.65,5.00
05/01/2018,22:00,166.41,169.20,165.27,169.10,53569376,0,26.93,19.11,80.00,20.00,5.82,5.00
05/02/2018,22:00,175.23,177.75,173.80,176.57,66539371,0,52.87,32.31,80.00,20.00,5.82,5.00
05/03/2018,22:00,175.88,177.50,174.44,176.89,34068180,0,74.04,51.28,80.00,20.00,5.82,5.00
05/04/2018,22:00,178.43,184.25,178.17,183.83,56201317,0,91.97,72.96,80.00,20.00,5.82,5.00
05/07/2018,22:00,185.18,187.67,184.75,185.16,42451423,0,92.78,86.26,80.00,20.00,5.66,5.00
05/08/2018,22:00,184.99,186.22,183.67,186.05,28402777,0,94.14,92.96,80.00,20.00,3.60,5.00
05/09/2018,22:00,186.55,187.40,185.22,187.36,23211241,0,94.53,93.82,80.00,20.00,0.83,5.00
05/10/2018,22:00,187.74,190.37,187.65,190.04,27989289,0,97.30,95.32,80.00,20.00,0.67,5.00
05/11/2018,22:00,189.49,190.06,187.45,188.59,26212221,0,97.20,96.34,80.00,20.00,0.37,5.00
05/14/2018,22:00,189.01,189.53,187.86,188.15,20778772,0,95.15,96.55,80.00,20.00,0.46,5.00
05/15/2018,22:00,186.78,187.07,185.10,186.44,23695159,0,91.11,94.49,80.00,20.00,0.68,5.00
05/16/2018,22:00,186.07,188.46,186.00,188.18,19183064,0,90.65,92.30,80.00,20.00,0.66,5.00
05/17/2018,22:00,188.00,188.91,186.36,186.99,17294029,0,89.21,90.32,80.00,20.00,0.79,5.00
05/18/2018,22:00,187.19,187.81,186.13,186.31,18297728,0,88.45,89.44,80.00,20.00,0.95,5.00
05/21/2018,22:00,188.00,189.27,186.91,187.63,18400787,0,85.50,87.72,80.00,20.00,1.01,5.00
05/22/2018,22:00,188.38,188.88,186.78,187.16,15240704,0,82.62,85.52,80.00,20.00,1.08,5.00
05/23/2018,22:00,186.35,188.50,185.76,188.36,20058415,0,82.19,83.44,80.00,20.00,1.11,5.00
05/24/2018,22:00,188.77,188.84,186.21,188.15,23233975,0,78.64,81.15,80.00,20.00,1.14,5.00
05/25/2018,22:00,188.23,189.65,187.65,188.58,17460963,0,76.48,79.11,80.00,20.00,1.16,5.00
05/29/2018,22:00,187.60,188.75,186.87,187.90,22514075,0,65.29,73.47,80.00,20.00,1.20,5.00
05/30/2018,22:00,187.72,188.00,186.78,187.50,18690547,0,58.64,66.81,80.00,20.00,1.25,5.00
05/31/2018,22:00,187.22,188.23,186.14,186.87,27482793,0,44.97,56.30,80.00,20.00,0.64,5.00
06/01/2018,22:00,187.99,190.26,187.75,190.24,23442510,0,60.49,54.70,80.00,20.00,0.53,5.00
06/04/2018,22:00,191.64,193.42,191.35,191.83,26266174,0,73.97,59.81,80.00,20.00,0.47,5.00
06/05/2018,22:00,193.07,193.94,192.36,193.31,21565963,0,89.66,74.71,80.00,20.00,0.47,5.00
06/06/2018,22:00,193.63,194.08,191.92,193.98,20931059,0,90.65,84.76,80.00,20.00,0.33,5.00
06/07/2018,22:00,194.14,194.20,192.34,193.46,21347180,0,94.11,91.47,80.00,20.00,0.32,5.00
06/08/2018,22:00,191.17,192.00,189.77,191.70,26656799,0,86.75,90.50,80.00,20.00,0.45,5.00
06/11/2018,22:00,191.35,191.97,190.21,191.23,18308460,0,75.47,85.44,80.00,20.00,0.58,5.00
06/12/2018,22:00,191.39,192.61,191.15,192.28,16911141,0,70.81,77.68,80.00,20.00,0.63,5.00
06/13/2018,22:00,192.42,192.88,190.44,190.70,21638393,0,66.36,70.88,80.00,20.00,0.77,5.00
06/14/2018,22:00,191.55,191.57,190.22,190.80,21610074,0,64.09,67.09,80.00,20.00,0.89,5.00
06/15/2018,22:00,190.03,190.16,188.26,188.84,61719160,0,49.30,59.91,80.00,20.00,1.11,5.00
06/18/2018,22:00,187.88,189.22,187.20,188.74,18484865,0,41.19,51.53,80.00,20.00,1.31,5.00
06/19/2018,22:00,185.14,186.33,183.45,185.69,33578455,0,28.06,39.52,80.00,20.00,1.74,5.00
06/20/2018,22:00,186.35,187.20,185.73,186.50,20628701,0,26.69,31.98,80.00,20.00,2.02,5.00
06/21/2018,22:00,187.25,188.35,184.94,185.46,25711898,0,22.64,25.80,80.00,20.00,2.34,5.00
06/22/2018,22:00,186.12,186.15,184.70,184.92,27200447,0,20.25,23.19,80.00,20.00,2.65,5.00
06/25/2018,22:00,183.40,184.92,180.73,182.17,31663096,0,14.07,18.98,80.00,20.00,3.11,5.00
06/26/2018,22:00,182.99,186.53,182.54,184.43,24569201,0,17.54,17.29,80.00,20.00,3.16,5.00
06/27/2018,22:00,185.23,187.28,184.03,184.16,25285328,0,21.92,17.84,80.00,20.00,2.90,5.00
06/28/2018,22:00,184.10,186.21,183.80,185.50,17365235,0,31.51,23.66,80.00,20.00,3.05,5.00
06/29/2018,22:00,186.29,187.19,182.91,185.11,22737666,0,34.51,29.31,80.00,20.00,3.21,5.00
07/02/2018,22:00,183.82,187.30,183.42,187.18,17731343,0,42.80,36.27,80.00,20.00,2.61,5.00
07/03/2018,22:00,187.79,187.95,183.54,183.92,13954806,0,39.90,39.07,80.00,20.00,2.79,5.00
07/05/2018,22:00,185.26,186.41,184.28,185.40,16604248,0,44.14,42.28,80.00,20.00,1.96,5.00
07/06/2018,22:00,185.42,188.43,185.20,187.97,17485245,0,52.50,45.51,80.00,20.00,1.92,5.00
07/09/2018,22:00,189.50,190.68,189.30,190.58,19756634,0,78.08,58.24,80.00,20.00,1.00,5.00
07/10/2018,22:00,190.71,191.28,190.18,190.35,15939149,0,92.14,74.24,80.00,20.00,1.00,5.00
07/11/2018,22:00,188.50,189.78,187.61,187.88,18831470,0,85.73,85.31,80.00,20.00,0.85,5.00
07/12/2018,22:00,189.53,191.41,189.31,191.03,18041131,0,85.18,87.68,80.00,20.00,0.78,5.00
07/13/2018,22:00,191.08,191.84,190.90,191.33,12519792,0,86.73,85.88,80.00,20.00,0.66,5.00
07/16/2018,22:00,191.52,192.65,190.42,190.91,15043110,0,91.76,87.89,80.00,20.00,0.66,5.00
07/17/2018,22:00,189.75,191.87,189.20,191.45,15534523,0,88.86,89.12,80.00,20.00,0.66,5.00
07/18/2018,22:00,191.78,191.80,189.93,190.40,16393381,0,82.46,87.69,80.00,20.00,0.67,5.00
07/19/2018,22:00,189.69,192.55,189.69,191.88,20286752,0,85.56,85.62,80.00,20.00,0.67,5.00
07/20/2018,22:00,191.78,192.43,190.17,191.44,20706042,0,85.27,84.43,80.00,20.00,0.67,5.00
07/23/2018,22:00,190.68,191.96,189.56,191.61,15989365,0,89.25,86.69,80.00,20.00,0.42,5.00
07/24/2018,22:00,192.45,193.66,192.05,193.00,18697898,0,89.50,88.00,80.00,20.00,0.42,5.00
07/25/2018,22:00,193.06,194.85,192.43,194.82,16826483,0,93.85,90.87,80.00,20.00,0.42,5.00
07/26/2018,22:00,194.61,195.96,193.61,194.21,19075964,0,91.09,91.48,80.00,20.00,0.43,5.00
07/27/2018,22:00,194.99,195.19,190.10,190.98,24023972,0,74.35,86.43,80.00,20.00,0.66,5.00
07/30/2018,22:00,191.90,192.20,189.07,189.91,21029535,0,48.98,71.47,80.00,20.00,0.88,5.00
07/31/2018,22:00,190.30,192.14,189.34,190.29,39373038,0,29.21,50.84,80.00,20.00,1.07,5.00
08/01/2018,22:00,199.13,201.76,197.31,201.50,67935716,0,57.11,45.10,80.00,20.00,1.07,5.00
08/02/2018,22:00,200.58,208.38,200.35,207.39,62404012,0,82.21,56.17,80.00,20.00,1.07,5.00
08/03/2018,22:00,207.03,208.74,205.48,207.99,33447396,0,96.13,78.48,80.00,20.00,1.07,5.00
08/06/2018,22:00,208.00,209.25,207.07,209.07,25425387,0,96.75,91.70,80.00,20.00,1.06,5.00
08/07/2018,22:00,209.32,209.50,206.76,207.11,25587387,0,94.49,95.79,80.00,20.00,1.09,5.00
08/08/2018,22:00,206.05,207.81,204.52,207.25,22525487,0,92.10,94.45,80.00,20.00,1.11,5.00
08/09/2018,22:00,207.28,209.78,207.20,208.88,23492626,0,91.00,92.53,80.00,20.00,1.11,5.00
08/10/2018,22:00,207.36,209.10,206.67,207.53,24611202,0,91.27,91.46,80.00,20.00,1.13,5.00
08/13/2018,22:00,207.70,210.95,207.70,208.87,25890880,0,91.74,91.34,80.00,20.00,1.13,5.00
08/14/2018,22:00,210.16,210.56,208.26,209.75,20748010,0,91.42,91.48,80.00,20.00,1.00,5.00
08/15/2018,22:00,209.22,210.74,208.33,210.24,28807564,0,93.92,92.36,80.00,20.00,0.43,5.00
08/16/2018,22:00,211.75,213.81,211.47,213.32,28500367,0,96.50,93.95,80.00,20.00,0.40,5.00
08/17/2018,22:00,213.44,217.95,213.16,217.58,35426997,0,97.91,96.11,80.00,20.00,0.40,5.00
08/20/2018,22:00,218.10,219.18,215.11,215.46,30287695,0,93.91,96.11,80.00,20.00,0.47,5.00
08/21/2018,22:00,216.80,217.19,214.03,215.04,26159755,0,88.13,93.32,80.00,20.00,0.57,5.00
08/22/2018,22:00,214.10,216.36,213.84,215.05,19018131,0,78.34,86.79,80.00,20.00,0.65,5.00
08/23/2018,22:00,214.65,217.05,214.60,215.49,18883224,0,75.16,80.54,80.00,20.00,0.70,5.00
08/24/2018,22:00,216.60,216.90,215.11,216.16,18476356,0,75.35,76.29,80.00,20.00,0.62,5.00
08/27/2018,22:00,217.15,218.74,216.33,217.94,20525117,0,81.92,77.48,80.00,20.00,0.62,5.00
08/28/2018,22:00,219.01,220.54,218.92,219.70,22776766,0,88.19,81.82,80.00,20.00,0.62,5.00
08/29/2018,22:00,220.15,223.49,219.41,222.98,27254804,0,94.29,88.13,80.00,20.00,0.60,5.00
08/30/2018,22:00,223.25,228.26,222.40,225.03,48793824,0,91.06,91.18,80.00,20.00,0.60,5.00
08/31/2018,22:00,226.51,228.87,226.00,227.63,43340134,0,91.41,92.25,80.00,20.00,0.60,5.00
09/04/2018,22:00,228.41,229.18,226.63,228.36,27390132,0,91.47,91.32,80.00,20.00,0.60,5.00
09/05/2018,22:00,228.99,229.67,225.10,226.87,33332960,0,91.85,91.58,80.00,20.00,0.62,5.00
09/06/2018,22:00,226.23,227.35,221.30,223.10,34289976,0,81.66,88.33,80.00,20.00,0.88,5.00
09/07/2018,22:00,221.85,225.37,220.71,221.30,37619810,0,64.90,79.47,80.00,20.00,1.05,5.00
09/10/2018,22:00,220.95,221.85,216.47,218.33,39516453,0,45.44,64.00,80.00,20.00,1.57,5.00
09/11/2018,22:00,218.01,224.30,216.56,223.85,35749049,0,46.24,52.19,80.00,20.00,1.66,5.00
09/12/2018,22:00,224.94,225.00,219.84,221.07,49278740,0,44.87,45.52,80.00,20.00,1.86,5.00
09/13/2018,22:00,223.52,228.35,222.57,226.41,41706377,0,61.11,50.74,80.00,20.00,1.88,5.00
09/14/2018,22:00,225.75,226.84,222.52,223.84,31999289,0,58.83,54.94,80.00,20.00,1.95,5.00
09/17/2018,22:00,222.15,222.95,217.27,217.88,37195133,0,49.20,56.38,80.00,20.00,2.30,5.00
09/18/2018,22:00,217.79,221.85,217.12,218.24,31571712,0,26.90,44.98,80.00,20.00,2.59,5.00
09/19/2018,22:00,218.50,219.62,215.30,218.37,27123833,0,15.33,30.48,80.00,20.00,2.84,5.00
09/20/2018,22:00,220.24,222.28,219.15,220.03,26608794,0,22.82,21.68,80.00,20.00,3.01,5.00
09/21/2018,22:00,220.78,221.36,217.29,217.66,96246748,0,23.57,20.57,80.00,20.00,3.26,5.00
09/24/2018,22:00,216.82,221.26,216.63,220.79,27693358,0,29.18,25.19,80.00,20.00,2.80,5.00
09/25/2018,22:00,219.75,222.82,219.70,222.19,24554379,0,35.27,29.34,80.00,20.00,2.40,5.00
09/26/2018,22:00,221.15,223.75,219.76,220.42,23984706,0,43.24,35.90,80.00,20.00,2.45,5.00
09/27/2018,22:00,223.82,226.44,223.54,224.95,30181227,0,55.33,44.61,80.00,20.00,2.43,5.00
09/28/2018,22:00,224.79,225.84,224.02,225.74,22929364,0,64.39,54.32,80.00,20.00,2.43,5.00
10/01/2018,22:00,227.95,229.42,226.35,227.26,23600802,0,79.69,66.47,80.00,20.00,2.41,5.00
10/02/2018,22:00,227.25,230.00,226.63,229.28,24788170,0,86.89,76.99,80.00,20.00,2.41,5.00
10/03/2018,22:00,230.05,233.47,229.78,232.07,28654799,0,90.89,85.82,80.00,20.00,1.57,5.00
10/04/2018,22:00,230.78,232.35,226.73,227.99,32042000,0,85.11,87.63,80.00,20.00,0.59,5.00
10/05/2018,22:00,227.96,228.41,220.58,224.29,33580463,0,70.54,82.18,80.00,20.00,1.07,5.00
10/08/2018,22:00,222.21,224.80,220.20,223.77,29663923,0,55.31,70.32,80.00,20.00,1.44,5.00
10/09/2018,22:00,223.64,227.27,222.25,226.87,26891029,0,52.09,59.31,80.00,20.00,1.56,5.00
10/10/2018,22:00,225.46,226.35,216.05,216.36,41990554,0,36.28,47.89,80.00,20.00,2.37,5.00
10/11/2018,22:00,214.52,219.50,212.32,214.45,53124392,0,22.88,37.08,80.00,20.00,3.12,5.00
10/12/2018,22:00,220.42,222.88,216.84,222.11,40337851,0,20.48,26.55,80.00,20.00,3.32,5.00
10/15/2018,22:00,221.16,221.83,217.27,217.36,30791007,0,26.73,23.36,80.00,20.00,3.72,5.00
10/16/2018,22:00,218.93,222.99,216.76,222.15,29183963,0,38.87,28.69,80.00,20.00,3.90,5.00
10/17/2018,22:00,222.30,222.64,219.34,221.19,22885397,0,37.42,34.34,80.00,20.00,4.09,5.00
10/18/2018,22:00,217.86,219.74,213.00,216.02,32581315,0,35.30,37.19,80.00,20.00,4.49,5.00
10/19/2018,22:00,218.06,221.26,217.43,219.31,33078726,0,30.83,34.52,80.00,20.00,4.72,5.00
10/22/2018,22:00,219.79,223.36,218.94,220.65,28792082,0,29.98,32.04,80.00,20.00,4.90,5.00
10/23/2018,22:00,215.83,223.25,214.70,222.73,38767846,0,41.28,34.03,80.00,20.00,3.48,5.00
10/24/2018,22:00,222.60,224.23,214.54,215.09,40925163,0,37.56,36.27,80.00,20.00,3.34,5.00
10/25/2018,22:00,217.71,221.38,216.75,219.80,29855768,0,40.45,39.76,80.00,20.00,3.44,5.00
10/26/2018,22:00,215.90,220.19,212.67,216.30,47258375,0,30.94,36.32,80.00,20.00,3.66,5.00
10/29/2018,22:00,219.19,219.69,206.09,212.24,45935520,0,35.11,35.50,80.00,20.00,2.06,5.00
10/30/2018,22:00,211.15,215.18,209.27,213.30,36659990,0,32.50,32.85,80.00,20.00,2.34,5.00
10/31/2018,22:00,216.88,220.45,216.62,218.86,38358933,0,46.22,37.94,80.00,20.00,2.38,5.00
11/01/2018,22:00,219.05,222.36,216.81,222.22,58323180,0,66.35,48.36,80.00,20.00,2.31,5.00
11/02/2018,22:00,209.55,213.65,205.43,207.48,91328654,0,56.19,56.25,80.00,20.00,2.95,5.00
11/05/2018,22:00,204.30,204.39,198.17,201.59,66163669,0,34.29,52.28,80.00,20.00,3.86,5.00
11/06/2018,22:00,201.92,204.72,201.69,203.77,31882881,0,15.61,35.36,80.00,20.00,4.43,5.00
11/07/2018,22:00,205.97,210.06,204.13,209.95,33424434,0,26.61,25.50,80.00,20.00,4.69,5.00
11/08/2018,22:00,209.98,210.12,206.75,208.49,25362636,0,35.43,25.88,80.00,20.00,4.99,5.00
11/09/2018,22:00,205.55,206.01,202.25,204.47,34365750,0,36.33,32.79,80.00,20.00,5.45,5.00
11/12/2018,22:00,199.00,199.85,193.79,194.17,51135518,0,20.59,30.78,80.00,20.00,6.06,5.00
11/13/2018,22:00,191.63,197.18,191.45,192.23,46882936,0,8.53,21.82,80.00,20.00,7.05,5.00
11/14/2018,22:00,193.90,194.48,185.93,186.80,60800957,0,2.08,10.40,80.00,20.00,8.16,5.00
11/15/2018,22:00,188.39,191.97,186.90,191.41,46478801,0,6.87,5.83,80.00,20.00,8.94,5.00
11/16/2018,22:00,190.50,194.97,189.46,193.53,36928253,0,12.76,7.24,80.00,20.00,9.58,5.00
11/19/2018,22:00,190.00,190.70,184.99,185.86,41920872,0,12.66,10.76,80.00,20.00,10.53,5.00
11/20/2018,22:00,178.37,181.47,175.51,176.98,67825247,0,8.24,11.22,80.00,20.00,11.86,5.00
11/21/2018,22:00,179.73,180.27,176.55,176.78,31124210,0,2.95,7.95,80.00,20.00,8.60,5.00
11/23/2018,22:00,174.94,176.60,172.10,172.29,23623972,0,2.38,4.52,80.00,20.00,9.80,5.00
11/26/2018,22:00,174.24,174.95,170.26,174.62,44998520,0,5.02,3.45,80.00,20.00,10.79,5.00
11/27/2018,22:00,171.51,174.77,170.88,174.24,41387377,0,7.24,4.88,80.00,20.00,11.70,5.00
11/28/2018,22:00,176.73,181.29,174.93,180.94,46062539,0,15.91,9.39,80.00,20.00,11.73,5.00
11/29/2018,22:00,182.66,182.80,177.70,179.55,41769992,0,20.74,14.63,80.00,20.00,10.73,5.00
11/30/2018,22:00,180.29,180.33,177.03,178.58,39531549,0,26.89,21.18,80.00,20.00,7.05,5.00
12/03/2018,22:00,184.46,184.94,181.21,184.82,40798002,0,34.87,27.50,80.00,20.00,6.87,5.00
12/04/2018,22:00,180.95,182.39,176.27,176.69,41344282,0,36.09,32.62,80.00,20.00,7.22,5.00
12/06/2018,22:00,171.76,174.78,170.42,174.72,43098410,0,33.34,34.76,80.00,20.00,7.67,5.00
12/07/2018,22:00,173.49,174.49,168.30,168.49,42281631,0,14.56,28.00,80.00,20.00,8.41,5.00
12/10/2018,22:00,165.00,170.09,163.33,169.60,62025994,0,13.87,20.59,80.00,20.00,5.57,5.00
12/11/2018,22:00,171.66,171.79,167.00,168.63,47281665,0,15.55,14.66,80.00,20.00,4.51,5.00
12/12/2018,22:00,170.40,171.92,169.02,169.10,35627674,0,24.56,17.99,80.00,20.00,5.05,5.00
12/13/2018,22:00,170.49,172.57,169.55,170.95,31897827,0,28.83,22.98,80.00,20.00,5.36,5.00
12/14/2018,22:00,169.00,169.08,165.28,165.48,40703710,0,23.97,25.79,80.00,20.00,6.05,5.00
12/17/2018,22:00,165.45,168.35,162.73,163.94,44287922,0,16.78,23.19,80.00,20.00,6.76,5.00
12/18/2018,22:00,165.38,167.53,164.39,166.07,33841518,0,10.15,16.97,80.00,20.00,7.28,5.00
12/19/2018,22:00,166.00,167.45,159.09,160.89,49047297,0,9.04,11.99,80.00,20.00,8.06,5.00
12/20/2018,22:00,160.40,162.11,155.30,156.83,64772960,0,8.58,9.26,80.00,20.00,9.01,5.00
12/21/2018,22:00,156.86,158.16,149.63,150.73,95744384,0,4.88,7.50,80.00,20.00,10.27,5.00
12/24/2018,22:00,148.15,151.55,146.59,146.83,37169232,0,2.85,5.44,80.00,20.00,8.13,5.00
12/26/2018,22:00,148.30,157.23,146.72,157.17,58582544,0,12.00,6.58,80.00,20.00,7.80,5.00
12/27/2018,22:00,155.84,156.77,150.07,156.15,53117065,0,22.18,12.34,80.00,20.00,6.64,5.00
12/28/2018,22:00,157.50,158.52,154.55,156.23,42291424,0,36.29,23.49,80.00,20.00,7.03,5.00
12/31/2018,22:00,158.53,159.36,156.48,157.74,35003466,0,38.00,32.16,80.00,20.00,7.32,5.00
01/02/2019,22:00,154.89,158.85,154.23,157.92,37039737,0,41.21,38.50,80.00,20.00,7.60,5.00
01/03/2019,22:00,143.98,145.72,142.00,142.19,91312195,0,27.47,35.56,80.00,20.00,8.83,5.00
01/04/2019,22:00,144.53,148.55,143.80,148.26,58607070,0,21.26,29.98,80.00,20.00,7.23,5.00
01/07/2019,22:00,148.70,148.83,145.90,147.93,54777764,0,14.74,21.16,80.00,20.00,7.79,5.00
01/08/2019,22:00,149.56,151.82,148.52,150.75,41025314,0,26.52,20.84,80.00,20.00,8.17,5.00
01/09/2019,22:00,151.29,154.53,149.63,153.31,45099081,0,33.61,24.96,80.00,20.00,5.83,5.00
01/10/2019,22:00,152.50,153.97,150.86,153.80,35780670,0,44.82,34.98,80.00,20.00,4.38,5.00
01/11/2019,22:00,152.88,153.70,151.51,152.29,27023241,0,53.08,43.84,80.00,20.00,4.08,5.00
01/14/2019,22:00,150.85,151.27,149.22,150.00,32439186,0,54.88,50.93,80.00,20.00,4.24,5.00
01/15/2019,22:00,150.27,153.39,150.05,153.07,28710324,0,56.37,54.78,80.00,20.00,4.31,5.00
01/16/2019,22:00,153.08,155.88,153.00,154.94,30569706,0,61.46,57.57,80.00,20.00,4.34,5.00
01/17/2019,22:00,154.20,157.66,153.26,155.86,29821160,0,72.72,63.52,80.00,20.00,4.35,5.00
01/18/2019,22:00,157.50,157.88,155.98,156.82,33751023,0,79.92,71.36,80.00,20.00,4.36,5.00
01/22/2019,22:00,156.41,156.73,152.62,153.30,30393970,0,77.53,76.72,80.00,20.00,4.43,5.00
01/23/2019,22:00,154.15,155.14,151.70,153.92,23130570,0,75.94,77.79,80.00,20.00,1.06,5.00
01/24/2019,22:00,154.11,154.48,151.74,152.70,25441549,0,68.62,74.03,80.00,20.00,1.27,5.00
01/25/2019,22:00,155.48,158.13,154.32,157.76,33547893,0,77.46,74.01,80.00,20.00,1.27,5.00
01/28/2019,22:00,155.79,156.33,153.66,156.30,26192058,0,79.45,75.18,80.00,20.00,1.30,5.00
01/29/2019,22:00,156.25,158.13,154.11,154.68,41587239,0,81.63,79.51,80.00,20.00,1.40,5.00
01/30/2019,22:00,163.25,166.15,160.23,165.25,61109780,0,82.57,81.22,80.00,20.00,1.40,5.00
01/31/2019,22:00,166.11,169.00,164.56,166.44,40739649,0,84.85,83.02,80.00,20.00,1.26,5.00
02/01/2019,22:00,166.96,168.98,165.93,166.52,32668138,0,89.48,85.63,80.00,20.00,1.20,5.00
02/04/2019,22:00,167.41,171.66,167.28,171.25,31495582,0,91.09,88.48,80.00,20.00,1.20,5.00
02/05/2019,22:00,172.86,175.08,172.35,174.18,36101628,0,94.15,91.57,80.00,20.00,1.20,5.00
02/06/2019,22:00,174.65,175.57,172.85,174.24,28239591,0,96.17,93.80,80.00,20.00,1.20,5.00
02/07/2019,22:00,172.40,173.94,170.34,170.94,31741690,0,90.35,93.56,80.00,20.00,1.30,5.00
02/08/2019,22:00,168.99,170.66,168.42,170.41,23819966,0,84.47,90.33,80.00,20.00,0.99,5.00
02/11/2019,22:00,171.05,171.21,169.25,169.43,20993425,0,77.75,84.19,80.00,20.00,1.23,5.00
02/12/2019,22:00,170.10,171.00,169.70,170.89,22283523,0,77.67,79.97,80.00,20.00,1.32,5.00
02/13/2019,22:00,171.39,172.48,169.92,170.18,22490233,0,76.71,77.38,80.00,20.00,1.46,5.00
02/14/2019,22:00,169.71,171.26,169.38,170.80,21835747,0,78.06,77.48,80.00,20.00,1.47,5.00
02/15/2019,22:00,171.25,171.70,169.75,170.42,24626814,0,76.55,77.11,80.00,20.00,1.56,5.00
02/19/2019,22:00,169.71,171.44,169.49,170.93,18972826,0,75.20,76.60,80.00,20.00,1.64,5.00
02/20/2019,22:00,171.19,173.32,170.99,172.03,26114362,0,72.12,74.62,80.00,20.00,1.67,5.00
02/21/2019,22:00,171.80,172.37,170.30,171.06,17249670,0,64.74,70.69,80.00,20.00,1.74,5.00
02/22/2019,22:00,171.58,173.00,171.38,172.97,18913154,0,63.20,66.69,80.00,20.00,1.75,5.00
02/25/2019,22:00,174.16,175.87,173.95,174.23,21873358,0,65.52,64.49,80.00,20.00,1.75,5.00
02/26/2019,22:00,173.71,175.30,173.17,174.33,17070211,0,75.08,67.93,80.00,20.00,1.75,5.00
02/27/2019,22:00,173.21,175.00,172.73,174.87,27835389,0,81.30,73.97,80.00,20.00,0.33,5.00
02/28/2019,22:00,174.32,174.91,172.92,173.15,28215416,0,76.47,77.61,80.00,20.00,0.37,5.00
03/01/2019,22:00,174.28,175.15,172.89,174.97,25886167,0,78.53,78.76,80.00,20.00,0.33,5.00
03/04/2019,22:00,175.69,177.75,173.97,175.85,27436203,0,75.40,76.80,80.00,20.00,0.33,5.00
03/05/2019,22:00,175.94,176.00,174.54,175.53,19737419,0,78.51,77.48,80.00,20.00,0.31,5.00
03/06/2019,22:00,174.67,175.49,173.94,174.52,20810384,0,70.73,74.88,80.00,20.00,0.37,5.00
03/07/2019,22:00,173.87,174.44,172.02,172.50,24796374,0,57.20,68.81,80.00,20.00,0.63,5.00
03/08/2019,22:00,170.32,173.07,169.50,172.91,23999358,0,46.48,58.14,80.00,20.00,0.77,5.00
03/11/2019,22:00,175.49,179.12,175.35,178.90,32011034,0,60.56,54.75,80.00,20.00,0.77,5.00
03/12/2019,22:00,180.00,182.67,179.37,180.91,32467584,0,78.04,61.69,80.00,20.00,0.76,5.00
03/13/2019,22:00,182.25,183.30,180.92,181.71,31032524,0,90.24,76.28,80.00,20.00,0.76,5.00
03/14/2019,22:00,183.90,184.10,182.56,183.73,23579508,0,91.05,86.44,80.00,20.00,0.76,5.00
03/15/2019,22:00,184.85,187.33,183.74,186.12,39042912,0,93.14,91.48,80.00,20.00,0.76,5.00
03/18/2019,22:00,185.80,188.39,185.79,188.02,26219832,0,96.20,93.46,80.00,20.00,0.76,5.00
03/19/2019,22:00,188.35,188.99,185.92,186.53,31646369,0,92.81,94.05,80.00,20.00,0.74,5.00
