"Date","Time","Open","High","Low","Close","Vol","OI","AroonUp","AroonDn","OverBought","OverSold","CCI","OverBot","OverSld"
03/21/2017,22:00,58.41,59.72,58.34,59.44,1782332,0,0.00,0.00,0.00,0.00,0.00,0.00,0.00
03/22/2017,22:00,59.76,60.21,59.52,59.71,1514245,0,0.00,0.00,0.00,0.00,0.00,0.00,0.00
03/23/2017,22:00,59.60,60.28,59.53,59.67,1245475,0,0.00,0.00,0.00,0.00,0.00,0.00,0.00
03/24/2017,22:00,59.58,60.16,59.51,60.01,1310636,0,0.00,0.00,0.00,0.00,0.00,0.00,0.00
03/27/2017,22:00,60.26,60.36,59.29,59.55,1370456,0,0.00,0.00,0.00,0.00,0.00,0.00,0.00
03/28/2017,22:00,59.51,59.73,59.24,59.49,1749675,0,0.00,0.00,0.00,0.00,0.00,0.00,0.00
03/29/2017,22:00,59.43,59.43,58.88,59.07,1453839,0,0.00,0.00,0.00,0.00,0.00,0.00,0.00
03/30/2017,22:00,58.83,58.94,58.37,58.62,1186110,0,0.00,0.00,0.00,0.00,0.00,0.00,0.00
03/31/2017,22:00,58.56,59.09,58.56,58.78,1670736,0,0.00,0.00,0.00,0.00,0.00,0.00,0.00
04/03/2017,22:00,58.76,58.92,58.27,58.89,1205263,0,0.00,0.00,0.00,0.00,0.00,0.00,0.00
04/04/2017,22:00,58.83,59.04,58.56,58.86,2147752,0,0.00,0.00,0.00,0.00,0.00,0.00,0.00
04/05/2017,22:00,58.74,59.48,58.63,59.41,1729246,0,0.00,0.00,0.00,0.00,0.00,0.00,0.00
04/06/2017,22:00,59.22,59.57,58.87,59.54,1714032,0,0.00,0.00,0.00,0.00,0.00,0.00,0.00
04/07/2017,22:00,59.67,59.84,59.34,59.40,1645239,0,0.00,0.00,0.00,0.00,0.00,0.00,0.00
04/10/2017,22:00,59.31,59.39,58.92,59.28,1036410,0,0.00,0.00,0.00,0.00,-17.07,100.00,-100.00
04/11/2017,22:00,59.16,59.36,58.85,59.21,1214913,0,0.00,0.00,0.00,0.00,-20.49,100.00,-100.00
04/12/2017,22:00,59.08,59.91,58.99,59.88,1280363,0,0.00,0.00,0.00,0.00,77.78,100.00,-100.00
04/13/2017,22:00,59.71,59.92,59.30,59.62,1057962,0,0.00,0.00,0.00,0.00,93.00,100.00,-100.00
04/17/2017,22:00,59.78,60.34,59.73,60.29,1513553,0,0.00,0.00,0.00,0.00,182.62,100.00,-100.00
04/18/2017,22:00,60.20,60.50,59.89,60.14,1385727,0,0.00,0.00,0.00,0.00,156.84,100.00,-100.00
04/19/2017,22:00,60.12,60.14,59.33,59.64,1414727,0,0.00,0.00,0.00,0.00,63.40,100.00,-100.00
04/20/2017,22:00,59.58,59.58,59.03,59.44,1125177,0,0.00,0.00,0.00,0.00,-4.60,100.00,-100.00
04/21/2017,22:00,59.45,59.97,59.45,59.80,1286756,0,0.00,0.00,0.00,0.00,58.47,100.00,-100.00
04/24/2017,22:00,60.00,60.19,59.51,60.03,1026113,0,0.00,0.00,0.00,0.00,82.50,100.00,-100.00
04/25/2017,22:00,59.81,60.16,59.65,60.00,1340343,0,0.00,0.00,0.00,0.00,78.88,100.00,-100.00
04/26/2017,22:00,59.95,60.16,59.71,59.74,1105400,0,76.00,36.00,70.00,30.00,53.49,100.00,-100.00
04/27/2017,22:00,59.75,60.30,59.70,59.77,1489466,0,72.00,32.00,70.00,30.00,58.55,100.00,-100.00
04/28/2017,22:00,59.72,59.74,59.18,59.40,2029118,0,68.00,28.00,70.00,30.00,-64.74,100.00,-100.00
05/01/2017,22:00,59.58,59.58,58.94,59.14,861250,0,64.00,24.00,70.00,30.00,-122.17,100.00,-100.00
05/02/2017,22:00,59.28,59.55,58.82,59.22,1161440,0,60.00,20.00,70.00,30.00,-131.55,100.00,-100.00
05/03/2017,22:00,59.14,59.48,59.03,59.11,952020,0,56.00,16.00,70.00,30.00,-108.30,100.00,-100.00
05/04/2017,22:00,58.11,59.52,58.11,59.49,1308714,0,52.00,100.00,70.00,30.00,-118.24,100.00,-100.00
05/05/2017,22:00,59.71,59.89,59.49,59.55,926481,0,48.00,96.00,70.00,30.00,10.18,100.00,-100.00
05/08/2017,22:00,59.68,59.81,59.37,59.76,1133282,0,44.00,92.00,70.00,30.00,21.51,100.00,-100.00
05/09/2017,22:00,59.60,59.82,59.28,59.35,899743,0,40.00,88.00,70.00,30.00,-15.00,100.00,-100.00
05/10/2017,22:00,59.38,59.50,58.97,59.23,1168217,0,36.00,84.00,70.00,30.00,-73.13,100.00,-100.00
05/11/2017,22:00,59.04,59.48,58.87,59.48,1279083,0,32.00,80.00,70.00,30.00,-54.79,100.00,-100.00
05/12/2017,22:00,59.44,59.97,59.44,59.88,805976,0,28.00,76.00,70.00,30.00,69.16,100.00,-100.00
05/15/2017,22:00,59.89,60.20,59.67,60.15,833403,0,24.00,72.00,70.00,30.00,127.01,100.00,-100.00
05/16/2017,22:00,60.15,60.27,59.60,59.63,1076374,0,20.00,68.00,70.00,30.00,85.47,100.00,-100.00
05/17/2017,22:00,59.73,60.45,59.66,60.19,1180229,0,16.00,64.00,70.00,30.00,141.71,100.00,-100.00
05/18/2017,22:00,60.41,60.78,59.85,60.24,1495009,0,100.00,60.00,70.00,30.00,145.82,100.00,-100.00
05/19/2017,22:00,60.17,60.21,59.73,60.11,1683435,0,96.00,56.00,70.00,30.00,79.40,100.00,-100.00
05/22/2017,22:00,60.10,60.84,59.95,60.74,1060024,0,100.00,52.00,70.00,30.00,148.16,100.00,-100.00
05/23/2017,22:00,60.75,61.32,60.73,61.14,2430493,0,100.00,48.00,70.00,30.00,196.27,100.00,-100.00
05/24/2017,22:00,61.28,61.46,61.14,61.41,1023325,0,100.00,44.00,70.00,30.00,191.05,100.00,-100.00
05/25/2017,22:00,61.40,61.94,61.19,61.84,909759,0,100.00,40.00,70.00,30.00,172.01,100.00,-100.00
05/26/2017,22:00,61.34,61.58,61.24,61.40,825893,0,96.00,36.00,70.00,30.00,114.91,100.00,-100.00
05/30/2017,22:00,61.40,61.66,61.30,61.48,908389,0,92.00,32.00,70.00,30.00,100.45,100.00,-100.00
05/31/2017,22:00,61.54,62.19,61.51,62.07,1565156,0,100.00,28.00,70.00,30.00,118.12,100.00,-100.00
06/01/2017,22:00,62.10,62.35,61.81,62.35,1278582,0,100.00,24.00,70.00,30.00,119.32,100.00,-100.00
06/02/2017,22:00,62.66,62.68,61.89,62.37,2205901,0,100.00,20.00,70.00,30.00,115.21,100.00,-100.00
06/05/2017,22:00,62.47,62.47,62.09,62.29,1486604,0,96.00,16.00,70.00,30.00,99.74,100.00,-100.00
06/06/2017,22:00,62.26,62.39,62.08,62.16,1771130,0,92.00,12.00,70.00,30.00,85.96,100.00,-100.00
06/07/2017,22:00,62.11,62.98,62.11,62.58,1744712,0,100.00,8.00,70.00,30.00,107.86,100.00,-100.00
06/08/2017,22:00,62.55,62.55,61.49,62.11,1507061,0,96.00,4.00,70.00,30.00,47.29,100.00,-100.00
06/09/2017,22:00,61.93,62.37,61.63,62.30,1226852,0,92.00,20.00,70.00,30.00,44.02,100.00,-100.00
06/12/2017,22:00,62.34,62.68,61.67,62.25,1207869,0,88.00,16.00,70.00,30.00,51.72,100.00,-100.00
06/13/2017,22:00,62.15,62.26,61.86,62.16,1011809,0,84.00,12.00,70.00,30.00,24.03,100.00,-100.00
06/14/2017,22:00,62.67,62.96,62.16,62.45,1060285,0,80.00,8.00,70.00,30.00,115.94,100.00,-100.00
06/15/2017,22:00,62.43,62.70,62.18,62.62,1008784,0,76.00,4.00,70.00,30.00,100.44,100.00,-100.00
06/16/2017,22:00,62.71,63.28,62.63,63.24,2929866,0,100.00,4.00,70.00,30.00,214.63,100.00,-100.00
06/19/2017,22:00,63.22,63.34,62.56,62.79,966263,0,100.00,8.00,70.00,30.00,143.29,100.00,-100.00
06/20/2017,22:00,62.82,63.01,62.63,62.85,905254,0,96.00,4.00,70.00,30.00,103.55,100.00,-100.00
06/21/2017,22:00,62.95,63.07,62.40,62.72,1168187,0,92.00,4.00,70.00,30.00,67.48,100.00,-100.00
06/22/2017,22:00,62.51,62.70,62.17,62.20,843323,0,88.00,8.00,70.00,30.00,-24.37,100.00,-100.00
06/23/2017,22:00,62.12,62.57,62.11,62.25,1485240,0,84.00,4.00,70.00,30.00,-36.58,100.00,-100.00
06/26/2017,22:00,62.41,62.84,62.12,62.66,1050308,0,80.00,4.00,70.00,30.00,15.44,100.00,-100.00
06/27/2017,22:00,62.36,62.51,61.69,61.99,1780051,0,76.00,4.00,70.00,30.00,-91.65,100.00,-100.00
06/28/2017,22:00,62.26,62.30,61.19,61.23,985541,0,72.00,4.00,70.00,30.00,-178.96,100.00,-100.00
06/29/2017,22:00,61.04,61.67,60.52,60.70,1076659,0,68.00,100.00,70.00,30.00,-229.46,100.00,-100.00
06/30/2017,22:00,60.70,61.16,60.59,60.71,1799256,0,64.00,96.00,70.00,30.00,-180.68,100.00,-100.00
07/03/2017,22:00,60.74,60.81,60.36,60.41,798733,0,60.00,100.00,70.00,30.00,-159.77,100.00,-100.00
07/05/2017,22:00,60.53,60.53,59.90,60.07,1414918,0,56.00,100.00,70.00,30.00,-145.92,100.00,-100.00
07/06/2017,22:00,59.91,60.09,59.66,59.99,1334866,0,52.00,100.00,70.00,30.00,-130.30,100.00,-100.00
07/07/2017,22:00,60.07,60.34,59.91,60.07,1164094,0,48.00,96.00,70.00,30.00,-98.88,100.00,-100.00
07/10/2017,22:00,60.15,60.40,59.90,59.91,1320979,0,44.00,92.00,70.00,30.00,-86.68,100.00,-100.00
07/11/2017,22:00,59.98,60.10,59.55,59.82,1245091,0,40.00,100.00,70.00,30.00,-91.29,100.00,-100.00
07/12/2017,22:00,60.31,60.56,59.95,60.02,1616767,0,36.00,96.00,70.00,30.00,-60.16,100.00,-100.00
07/13/2017,22:00,60.01,60.21,59.76,59.90,1325347,0,32.00,92.00,70.00,30.00,-69.75,100.00,-100.00
07/14/2017,22:00,60.37,60.47,60.07,60.22,932541,0,28.00,88.00,70.00,30.00,-37.84,100.00,-100.00
07/17/2017,22:00,60.21,60.43,59.96,60.32,902516,0,24.00,84.00,70.00,30.00,-31.14,100.00,-100.00
07/18/2017,22:00,60.43,60.63,60.32,60.44,979401,0,20.00,80.00,70.00,30.00,18.83,100.00,-100.00
07/19/2017,22:00,60.56,60.73,60.37,60.67,862788,0,16.00,76.00,70.00,30.00,73.15,100.00,-100.00
07/20/2017,22:00,60.70,61.22,60.59,61.21,1004425,0,12.00,72.00,70.00,30.00,171.64,100.00,-100.00
07/21/2017,22:00,61.12,61.56,60.97,61.54,1223705,0,8.00,68.00,70.00,30.00,209.40,100.00,-100.00
07/24/2017,22:00,61.55,61.56,60.61,60.74,1071355,0,4.00,64.00,70.00,30.00,110.17,100.00,-100.00
07/25/2017,22:00,60.78,60.82,60.38,60.48,886389,0,8.00,60.00,70.00,30.00,30.25,100.00,-100.00
07/26/2017,22:00,60.40,60.96,60.30,60.94,944843,0,4.00,56.00,70.00,30.00,52.25,100.00,-100.00
07/27/2017,22:00,60.81,61.09,60.40,60.71,2204710,0,12.00,52.00,70.00,30.00,44.76,100.00,-100.00
07/28/2017,22:00,60.64,60.97,60.22,60.53,1116938,0,8.00,48.00,70.00,30.00,8.69,100.00,-100.00
07/31/2017,22:00,60.40,60.95,60.26,60.79,1196692,0,4.00,44.00,70.00,30.00,18.35,100.00,-100.00
08/01/2017,22:00,60.93,61.06,60.54,60.89,1807252,0,4.00,40.00,70.00,30.00,48.95,100.00,-100.00
08/02/2017,22:00,60.64,61.06,60.37,61.06,1153782,0,4.00,36.00,70.00,30.00,38.86,100.00,-100.00
08/03/2017,22:00,60.95,61.88,60.95,61.88,1954996,0,100.00,32.00,70.00,30.00,201.38,100.00,-100.00
08/04/2017,22:00,61.74,61.83,61.13,61.58,1175032,0,96.00,28.00,70.00,30.00,147.29,100.00,-100.00
08/07/2017,22:00,61.59,62.08,61.40,62.05,1525837,0,100.00,24.00,70.00,30.00,169.22,100.00,-100.00
08/08/2017,22:00,61.95,62.35,61.77,62.31,1030576,0,100.00,20.00,70.00,30.00,165.74,100.00,-100.00
08/09/2017,22:00,62.54,62.54,61.63,61.73,1427627,0,100.00,16.00,70.00,30.00,109.84,100.00,-100.00
08/10/2017,22:00,61.75,62.33,61.49,62.22,2116599,0,96.00,12.00,70.00,30.00,98.93,100.00,-100.00
08/11/2017,22:00,62.00,62.29,61.59,61.86,1416436,0,92.00,8.00,70.00,30.00,73.80,100.00,-100.00
08/14/2017,22:00,61.89,62.25,61.85,62.17,892440,0,88.00,4.00,70.00,30.00,82.91,100.00,-100.00
08/15/2017,22:00,61.94,62.60,61.90,62.57,961937,0,100.00,8.00,70.00,30.00,102.61,100.00,-100.00
08/16/2017,22:00,62.60,62.88,62.36,62.80,836069,0,100.00,4.00,70.00,30.00,125.17,100.00,-100.00
08/17/2017,22:00,62.85,62.97,62.39,62.46,1114049,0,100.00,8.00,70.00,30.00,108.40,100.00,-100.00
08/18/2017,22:00,62.37,63.18,62.06,63.06,1481023,0,100.00,4.00,70.00,30.00,123.87,100.00,-100.00
08/21/2017,22:00,63.12,63.18,62.74,62.97,1275310,0,100.00,36.00,70.00,30.00,136.88,100.00,-100.00
08/22/2017,22:00,62.91,63.04,62.64,62.91,2193436,0,96.00,32.00,70.00,30.00,103.73,100.00,-100.00
08/23/2017,22:00,62.94,63.19,62.76,63.14,1531577,0,100.00,28.00,70.00,30.00,111.47,100.00,-100.00
08/24/2017,22:00,63.14,63.40,62.93,62.97,1394386,0,100.00,24.00,70.00,30.00,106.31,100.00,-100.00
08/25/2017,22:00,63.05,63.39,62.96,63.08,1325430,0,96.00,20.00,70.00,30.00,100.02,100.00,-100.00
08/28/2017,22:00,63.11,63.35,62.99,63.27,1147000,0,92.00,16.00,70.00,30.00,97.71,100.00,-100.00
08/29/2017,22:00,63.41,63.67,63.21,63.29,647325,0,100.00,12.00,70.00,30.00,116.29,100.00,-100.00
08/30/2017,22:00,63.33,63.44,63.00,63.24,883110,0,96.00,8.00,70.00,30.00,79.66,100.00,-100.00
08/31/2017,22:00,63.30,63.46,62.90,63.00,1782221,0,92.00,4.00,70.00,30.00,52.05,100.00,-100.00
09/01/2017,22:00,63.18,63.18,62.51,62.57,1102478,0,88.00,4.00,70.00,30.00,-54.27,100.00,-100.00
09/05/2017,22:00,62.62,62.96,62.36,62.95,1316955,0,84.00,8.00,70.00,30.00,-71.07,100.00,-100.00
09/06/2017,22:00,63.13,63.13,62.46,62.61,1769618,0,80.00,4.00,70.00,30.00,-81.59,100.00,-100.00
09/07/2017,22:00,62.77,63.27,62.57,63.20,1582249,0,76.00,4.00,70.00,30.00,3.45,100.00,-100.00
09/08/2017,22:00,63.10,63.66,62.96,63.49,1127778,0,72.00,4.00,70.00,30.00,123.32,100.00,-100.00
09/11/2017,22:00,63.44,64.19,63.25,64.11,1393913,0,100.00,4.00,70.00,30.00,225.91,100.00,-100.00
09/12/2017,22:00,64.15,64.15,62.36,62.64,1288649,0,96.00,12.00,70.00,30.00,-24.11,100.00,-100.00
09/13/2017,22:00,62.57,62.80,62.27,62.37,1104532,0,92.00,8.00,70.00,30.00,-163.83,100.00,-100.00
09/14/2017,22:00,62.34,63.10,62.15,63.05,1445985,0,88.00,4.00,70.00,30.00,-73.30,100.00,-100.00
09/15/2017,22:00,62.81,63.17,62.50,62.86,2129562,0,84.00,4.00,70.00,30.00,-47.45,100.00,-100.00
09/18/2017,22:00,62.55,62.56,61.21,61.69,1450362,0,80.00,100.00,70.00,30.00,-214.98,100.00,-100.00
09/19/2017,22:00,61.74,61.93,61.42,61.77,1447286,0,76.00,96.00,70.00,30.00,-190.55,100.00,-100.00
09/20/2017,22:00,61.96,61.98,61.14,61.48,1573644,0,72.00,100.00,70.00,30.00,-167.02,100.00,-100.00
09/21/2017,22:00,61.48,61.85,61.30,61.44,1125424,0,68.00,96.00,70.00,30.00,-127.66,100.00,-100.00
09/22/2017,22:00,61.59,61.65,60.67,60.71,1678498,0,64.00,100.00,70.00,30.00,-143.88,100.00,-100.00
09/25/2017,22:00,60.78,61.55,60.66,61.47,1283643,0,60.00,100.00,70.00,30.00,-99.35,100.00,-100.00
09/26/2017,22:00,61.49,61.64,61.18,61.34,1218864,0,56.00,96.00,70.00,30.00,-72.72,100.00,-100.00
09/27/2017,22:00,61.04,61.19,60.25,60.43,1153213,0,52.00,100.00,70.00,30.00,-116.70,100.00,-100.00
09/28/2017,22:00,60.48,60.94,60.01,60.57,2710185,0,48.00,100.00,70.00,30.00,-114.83,100.00,-100.00
09/29/2017,22:00,60.50,60.73,60.25,60.44,3067600,0,44.00,96.00,70.00,30.00,-112.74,100.00,-100.00
10/02/2017,22:00,60.51,60.72,60.28,60.38,1300873,0,40.00,92.00,70.00,30.00,-103.24,100.00,-100.00
10/03/2017,22:00,60.31,60.39,59.59,60.21,1624956,0,36.00,100.00,70.00,30.00,-123.33,100.00,-100.00
10/04/2017,22:00,60.36,60.85,60.07,60.79,1585696,0,32.00,96.00,70.00,30.00,-62.14,100.00,-100.00
10/05/2017,22:00,60.82,60.84,60.32,60.63,1113634,0,28.00,92.00,70.00,30.00,-49.65,100.00,-100.00
10/06/2017,22:00,60.42,60.61,60.13,60.38,1593617,0,24.00,88.00,70.00,30.00,-70.63,100.00,-100.00
10/09/2017,22:00,60.44,60.68,60.25,60.32,1774299,0,20.00,84.00,70.00,30.00,-57.94,100.00,-100.00
10/10/2017,22:00,60.27,60.69,60.08,60.66,1637362,0,16.00,80.00,70.00,30.00,-42.61,100.00,-100.00
10/11/2017,22:00,60.66,61.42,60.54,61.30,1832871,0,12.00,76.00,70.00,30.00,96.10,100.00,-100.00
10/12/2017,22:00,61.26,61.95,61.11,61.67,1757388,0,8.00,72.00,70.00,30.00,165.39,100.00,-100.00
10/13/2017,22:00,61.97,62.20,61.51,61.65,1482702,0,4.00,68.00,70.00,30.00,169.99,100.00,-100.00
10/16/2017,22:00,61.54,61.72,60.99,61.20,2079225,0,4.00,64.00,70.00,30.00,94.22,100.00,-100.00
10/17/2017,22:00,61.25,61.76,61.10,61.74,1393852,0,12.00,60.00,70.00,30.00,104.15,100.00,-100.00
10/18/2017,22:00,61.60,61.66,61.25,61.44,1050046,0,8.00,56.00,70.00,30.00,76.97,100.00,-100.00
10/19/2017,22:00,61.56,62.06,61.43,62.06,1630212,0,4.00,52.00,70.00,30.00,107.97,100.00,-100.00
10/20/2017,22:00,61.89,62.21,61.79,62.13,1017098,0,4.00,48.00,70.00,30.00,112.72,100.00,-100.00
10/23/2017,22:00,62.26,62.42,61.89,62.37,1401158,0,100.00,44.00,70.00,30.00,118.97,100.00,-100.00
10/24/2017,22:00,62.07,62.50,61.83,62.42,1709959,0,100.00,40.00,70.00,30.00,107.74,100.00,-100.00
10/25/2017,22:00,62.15,62.36,61.59,62.33,2062640,0,96.00,36.00,70.00,30.00,80.41,100.00,-100.00
10/26/2017,22:00,62.52,62.84,62.15,62.24,1615914,0,100.00,32.00,70.00,30.00,109.89,100.00,-100.00
10/27/2017,22:00,62.14,62.84,62.12,62.79,1266391,0,100.00,28.00,70.00,30.00,121.81,100.00,-100.00
10/30/2017,22:00,62.62,62.66,62.11,62.49,1925123,0,96.00,24.00,70.00,30.00,89.05,100.00,-100.00
10/31/2017,22:00,62.45,62.83,62.31,62.64,1965409,0,92.00,20.00,70.00,30.00,106.96,100.00,-100.00
11/01/2017,22:00,62.79,63.06,61.98,62.68,2622800,0,100.00,16.00,70.00,30.00,91.70,100.00,-100.00
11/02/2017,22:00,63.13,63.27,62.25,63.23,1997989,0,100.00,12.00,70.00,30.00,131.21,100.00,-100.00
11/03/2017,22:00,63.13,64.04,63.04,63.54,1381888,0,100.00,8.00,70.00,30.00,203.66,100.00,-100.00
11/06/2017,22:00,63.58,64.02,63.27,63.70,2325882,0,96.00,4.00,70.00,30.00,183.08,100.00,-100.00
11/07/2017,22:00,64.00,64.62,63.58,64.52,1990206,0,100.00,4.00,70.00,30.00,199.24,100.00,-100.00
11/08/2017,22:00,64.43,65.01,64.10,64.63,2110831,0,100.00,16.00,70.00,30.00,173.56,100.00,-100.00
11/09/2017,22:00,64.54,64.87,64.36,64.68,1300967,0,96.00,12.00,70.00,30.00,136.94,100.00,-100.00
11/10/2017,22:00,64.30,64.42,63.85,64.07,1555607,0,92.00,8.00,70.00,30.00,76.49,100.00,-100.00
11/13/2017,22:00,64.10,64.83,64.01,64.76,1423820,0,88.00,4.00,70.00,30.00,94.28,100.00,-100.00
11/14/2017,22:00,64.61,65.85,64.46,65.81,1761230,0,100.00,4.00,70.00,30.00,137.98,100.00,-100.00
11/15/2017,22:00,65.91,66.15,64.96,65.00,1608337,0,100.00,12.00,70.00,30.00,117.03,100.00,-100.00
11/16/2017,22:00,65.00,65.23,64.56,64.89,1677272,0,96.00,8.00,70.00,30.00,71.88,100.00,-100.00
11/17/2017,22:00,64.62,64.89,64.06,64.21,1602410,0,92.00,4.00,70.00,30.00,25.55,100.00,-100.00
11/20/2017,22:00,64.25,64.26,63.60,63.84,1486005,0,88.00,4.00,70.00,30.00,-30.80,100.00,-100.00
11/21/2017,22:00,63.87,64.20,63.82,63.93,1302279,0,84.00,4.00,70.00,30.00,-39.22,100.00,-100.00
11/22/2017,22:00,63.86,63.96,63.44,63.81,1466007,0,80.00,4.00,70.00,30.00,-87.28,100.00,-100.00
11/24/2017,22:00,64.05,64.33,63.97,64.33,621455,0,76.00,16.00,70.00,30.00,-30.00,100.00,-100.00
11/27/2017,22:00,64.20,64.64,64.01,64.42,1058884,0,72.00,12.00,70.00,30.00,-16.41,100.00,-100.00
11/28/2017,22:00,64.57,64.96,64.45,64.56,1217720,0,68.00,8.00,70.00,30.00,30.66,100.00,-100.00
11/29/2017,22:00,64.48,65.03,64.26,64.61,1599404,0,64.00,4.00,70.00,30.00,25.67,100.00,-100.00
11/30/2017,22:00,64.57,64.94,64.43,64.85,3708376,0,60.00,20.00,70.00,30.00,42.00,100.00,-100.00
12/01/2017,22:00,65.15,66.12,65.05,65.43,3423591,0,56.00,16.00,70.00,30.00,143.98,100.00,-100.00
12/04/2017,22:00,65.53,66.11,65.32,65.48,2108879,0,52.00,12.00,70.00,30.00,128.10,100.00,-100.00
12/05/2017,22:00,65.50,65.50,64.32,64.88,2019634,0,48.00,8.00,70.00,30.00,37.44,100.00,-100.00
12/06/2017,22:00,64.96,65.35,64.84,65.11,1596499,0,44.00,4.00,70.00,30.00,71.46,100.00,-100.00
12/07/2017,22:00,65.10,65.10,64.47,64.91,2394976,0,40.00,4.00,70.00,30.00,31.84,100.00,-100.00
12/08/2017,22:00,64.84,65.23,64.57,65.22,1741416,0,36.00,4.00,70.00,30.00,51.84,100.00,-100.00
12/11/2017,22:00,65.22,65.79,64.96,65.70,1545045,0,32.00,4.00,70.00,30.00,107.65,100.00,-100.00
12/12/2017,22:00,65.46,65.61,64.13,64.21,1701865,0,28.00,48.00,70.00,30.00,-28.71,100.00,-100.00
12/13/2017,22:00,64.80,65.52,64.43,65.08,1931787,0,24.00,44.00,70.00,30.00,20.17,100.00,-100.00
12/14/2017,22:00,64.91,65.20,64.25,64.78,1749091,0,20.00,40.00,70.00,30.00,-45.99,100.00,-100.00
12/15/2017,22:00,64.55,64.91,64.35,64.62,2786529,0,16.00,36.00,70.00,30.00,-81.00,100.00,-100.00
12/18/2017,22:00,64.58,64.84,63.85,63.91,1426293,0,12.00,32.00,70.00,30.00,-158.80,100.00,-100.00
12/19/2017,22:00,63.84,63.97,62.54,62.59,1341478,0,8.00,100.00,70.00,30.00,-284.59,100.00,-100.00
12/20/2017,22:00,62.69,62.93,62.21,62.22,1012556,0,4.00,100.00,70.00,30.00,-237.89,100.00,-100.00
12/21/2017,22:00,61.86,62.46,61.68,61.98,1579164,0,44.00,100.00,70.00,30.00,-187.14,100.00,-100.00
12/22/2017,22:00,62.22,62.53,61.99,62.37,1231506,0,40.00,96.00,70.00,30.00,-127.50,100.00,-100.00
12/26/2017,22:00,62.62,62.76,61.93,61.96,654194,0,36.00,92.00,70.00,30.00,-104.71,100.00,-100.00
12/27/2017,22:00,62.32,62.69,62.14,62.53,1139020,0,32.00,88.00,70.00,30.00,-75.64,100.00,-100.00
12/28/2017,22:00,62.79,63.00,62.53,62.95,1033887,0,28.00,84.00,70.00,30.00,-46.61,100.00,-100.00
12/29/2017,22:00,62.87,63.41,62.87,63.18,1538409,0,24.00,80.00,70.00,30.00,-22.01,100.00,-100.00
01/02/2018,22:00,63.18,63.44,62.53,63.15,4243895,0,20.00,76.00,70.00,30.00,-21.33,100.00,-100.00
01/03/2018,22:00,62.94,63.35,62.30,62.59,2311972,0,16.00,72.00,70.00,30.00,-36.90,100.00,-100.00
01/04/2018,22:00,62.52,62.61,61.61,61.71,2300313,0,12.00,100.00,70.00,30.00,-96.55,100.00,-100.00
01/05/2018,22:00,61.85,62.09,61.37,61.82,2265065,0,8.00,100.00,70.00,30.00,-111.47,100.00,-100.00
01/08/2018,22:00,61.82,62.29,61.56,62.25,1804643,0,4.00,96.00,70.00,30.00,-74.51,100.00,-100.00
01/09/2018,22:00,62.20,62.39,61.46,61.78,2255305,0,4.00,92.00,70.00,30.00,-92.41,100.00,-100.00
01/10/2018,22:00,61.60,61.63,61.15,61.32,1716249,0,20.00,100.00,70.00,30.00,-152.96,100.00,-100.00
01/11/2018,22:00,61.14,61.53,60.99,61.52,1822444,0,16.00,100.00,70.00,30.00,-128.97,100.00,-100.00
01/12/2018,22:00,61.42,61.92,61.22,61.35,2804661,0,12.00,96.00,70.00,30.00,-93.42,100.00,-100.00
01/16/2018,22:00,61.36,61.64,60.33,60.95,2079334,0,8.00,100.00,70.00,30.00,-133.89,100.00,-100.00
01/17/2018,22:00,60.94,61.78,60.87,61.65,1985958,0,4.00,96.00,70.00,30.00,-69.32,100.00,-100.00
01/18/2018,22:00,61.76,61.76,60.65,60.81,4200727,0,4.00,92.00,70.00,30.00,-96.75,100.00,-100.00
01/19/2018,22:00,60.98,61.19,60.65,60.79,2157985,0,4.00,88.00,70.00,30.00,-106.10,100.00,-100.00
01/22/2018,22:00,61.12,61.34,60.61,60.76,2493408,0,4.00,84.00,70.00,30.00,-94.51,100.00,-100.00
01/23/2018,22:00,60.20,61.63,60.18,61.12,3995721,0,4.00,100.00,70.00,30.00,-80.74,100.00,-100.00
01/24/2018,22:00,61.01,61.48,60.52,61.13,4666571,0,4.00,96.00,70.00,30.00,-63.57,100.00,-100.00
01/25/2018,22:00,61.17,64.88,61.08,64.57,6160714,0,100.00,92.00,70.00,30.00,288.05,100.00,-100.00
01/26/2018,22:00,64.85,64.99,63.29,64.07,3695086,0,100.00,88.00,70.00,30.00,232.68,100.00,-100.00
01/29/2018,22:00,63.52,63.84,62.20,62.44,2827131,0,96.00,84.00,70.00,30.00,95.06,100.00,-100.00
01/30/2018,22:00,62.38,63.15,62.23,62.56,2353049,0,92.00,80.00,70.00,30.00,68.39,100.00,-100.00
01/31/2018,22:00,62.63,63.16,62.33,63.09,2518079,0,88.00,76.00,70.00,30.00,70.02,100.00,-100.00
02/01/2018,22:00,63.14,63.42,59.33,60.16,5772510,0,84.00,100.00,70.00,30.00,-59.63,100.00,-100.00
02/02/2018,22:00,58.39,59.58,58.04,59.35,6519772,0,80.00,100.00,70.00,30.00,-162.19,100.00,-100.00
02/05/2018,22:00,59.06,59.59,58.33,58.33,4104088,0,76.00,96.00,70.00,30.00,-151.45,100.00,-100.00
02/06/2018,22:00,57.69,57.94,56.76,57.54,3545948,0,72.00,100.00,70.00,30.00,-178.95,100.00,-100.00
02/07/2018,22:00,57.55,58.21,56.88,56.89,3236268,0,68.00,96.00,70.00,30.00,-148.04,100.00,-100.00
02/08/2018,22:00,56.81,57.15,56.10,56.11,2502624,0,64.00,100.00,70.00,30.00,-137.14,100.00,-100.00
02/09/2018,22:00,56.27,57.43,55.93,57.02,2749817,0,60.00,100.00,70.00,30.00,-101.51,100.00,-100.00
02/12/2018,22:00,57.08,57.86,56.51,57.53,2176612,0,56.00,96.00,70.00,30.00,-74.02,100.00,-100.00
02/13/2018,22:00,57.23,57.79,56.62,57.62,1787750,0,52.00,92.00,70.00,30.00,-63.57,100.00,-100.00
02/14/2018,22:00,57.29,57.77,56.84,57.58,2544376,0,48.00,88.00,70.00,30.00,-55.60,100.00,-100.00
02/15/2018,22:00,57.84,58.58,57.65,58.57,3189243,0,44.00,84.00,70.00,30.00,-23.66,100.00,-100.00
02/16/2018,22:00,58.47,59.38,58.47,59.12,1509747,0,40.00,80.00,70.00,30.00,13.05,100.00,-100.00
02/20/2018,22:00,58.78,59.01,57.96,58.17,1145147,0,36.00,76.00,70.00,30.00,0.33,100.00,-100.00
02/21/2018,22:00,58.11,58.64,57.34,57.36,1900674,0,32.00,72.00,70.00,30.00,-17.16,100.00,-100.00
02/22/2018,22:00,57.48,58.06,57.13,57.48,3204831,0,28.00,68.00,70.00,30.00,-21.57,100.00,-100.00
02/23/2018,22:00,57.60,59.59,57.48,59.47,2514179,0,24.00,64.00,70.00,30.00,113.72,100.00,-100.00
02/26/2018,22:00,59.39,59.39,58.50,58.82,1699421,0,20.00,60.00,70.00,30.00,116.22,100.00,-100.00
02/27/2018,22:00,58.96,59.15,57.38,57.39,1777432,0,16.00,56.00,70.00,30.00,17.11,100.00,-100.00
02/28/2018,22:00,57.67,57.88,57.00,57.00,1912482,0,12.00,52.00,70.00,30.00,-52.79,100.00,-100.00
03/01/2018,22:00,57.00,57.73,56.45,56.55,2715368,0,8.00,48.00,70.00,30.00,-99.99,100.00,-100.00
03/02/2018,22:00,56.58,57.41,56.53,57.10,2678411,0,4.00,44.00,70.00,30.00,-92.57,100.00,-100.00
03/05/2018,22:00,56.42,57.85,56.34,57.72,1812025,0,4.00,40.00,70.00,30.00,-60.67,100.00,-100.00
03/06/2018,22:00,57.55,57.59,56.57,56.68,1876980,0,12.00,36.00,70.00,30.00,-93.11,100.00,-100.00
03/07/2018,22:00,56.65,57.06,56.13,56.29,2226910,0,8.00,32.00,70.00,30.00,-122.97,100.00,-100.00
03/08/2018,22:00,56.49,57.12,56.49,56.87,2284181,0,4.00,28.00,70.00,30.00,-78.83,100.00,-100.00
03/09/2018,22:00,56.88,57.25,56.64,57.24,1634017,0,60.00,24.00,70.00,30.00,-51.36,100.00,-100.00
03/12/2018,22:00,57.34,58.30,56.85,57.06,3158763,0,56.00,20.00,70.00,30.00,-5.65,100.00,-100.00
03/13/2018,22:00,57.26,57.45,56.34,56.68,2845697,0,52.00,16.00,70.00,30.00,-68.92,100.00,-100.00
03/14/2018,22:00,56.79,57.49,56.75,57.19,1717982,0,48.00,12.00,70.00,30.00,-26.14,100.00,-100.00
03/15/2018,22:00,57.21,57.88,57.08,57.58,2151921,0,44.00,8.00,70.00,30.00,42.05,100.00,-100.00
03/16/2018,22:00,57.72,58.48,57.66,58.26,3854465,0,40.00,4.00,70.00,30.00,180.34,100.00,-100.00
03/19/2018,22:00,58.33,58.37,57.70,58.04,2167143,0,36.00,68.00,70.00,30.00,158.39,100.00,-100.00
03/20/2018,22:00,58.08,58.27,57.49,57.67,1507804,0,32.00,64.00,70.00,30.00,96.49,100.00,-100.00
03/21/2018,22:00,57.79,58.26,57.16,57.46,1607733,0,28.00,60.00,70.00,30.00,56.07,100.00,-100.00
03/22/2018,22:00,57.59,58.81,57.28,57.51,1967725,0,24.00,56.00,70.00,30.00,82.20,100.00,-100.00
03/23/2018,22:00,57.66,58.18,56.65,56.79,1359075,0,20.00,52.00,70.00,30.00,-22.35,100.00,-100.00
03/26/2018,22:00,57.00,57.68,56.90,57.53,1408553,0,16.00,48.00,70.00,30.00,-1.42,100.00,-100.00
03/27/2018,22:00,57.66,59.35,57.45,58.59,2811294,0,12.00,44.00,70.00,30.00,156.13,100.00,-100.00
03/28/2018,22:00,58.78,59.15,58.22,58.47,1925329,0,8.00,40.00,70.00,30.00,148.23,100.00,-100.00
03/29/2018,22:00,58.75,59.39,58.54,58.92,1846320,0,4.00,36.00,70.00,30.00,160.51,100.00,-100.00
04/02/2018,22:00,59.05,59.75,58.30,58.67,2584090,0,100.00,32.00,70.00,30.00,126.09,100.00,-100.00
04/03/2018,22:00,58.60,59.57,58.30,59.30,2708553,0,96.00,28.00,70.00,30.00,122.85,100.00,-100.00
04/04/2018,22:00,59.12,59.80,58.77,59.53,2609372,0,100.00,24.00,70.00,30.00,131.65,100.00,-100.00
04/05/2018,22:00,59.42,60.21,58.77,60.01,1797134,0,100.00,20.00,70.00,30.00,135.39,100.00,-100.00
04/06/2018,22:00,60.06,60.41,59.44,59.65,1769333,0,100.00,16.00,70.00,30.00,125.85,100.00,-100.00
04/09/2018,22:00,59.62,60.24,59.58,59.71,1576582,0,96.00,12.00,70.00,30.00,107.71,100.00,-100.00
04/10/2018,22:00,59.89,59.90,59.25,59.31,1568824,0,92.00,8.00,70.00,30.00,67.08,100.00,-100.00
04/11/2018,22:00,59.30,59.76,59.21,59.41,1450491,0,88.00,4.00,70.00,30.00,58.05,100.00,-100.00
04/12/2018,22:00,59.42,59.73,58.61,58.64,1719813,0,84.00,16.00,70.00,30.00,5.56,100.00,-100.00
04/13/2018,22:00,58.85,59.35,58.85,59.03,1221294,0,80.00,12.00,70.00,30.00,-0.10,100.00,-100.00
04/16/2018,22:00,59.30,59.83,59.12,59.68,1620106,0,76.00,8.00,70.00,30.00,56.46,100.00,-100.00
04/17/2018,22:00,59.74,60.45,59.61,60.24,1738680,0,100.00,4.00,70.00,30.00,140.06,100.00,-100.00
04/18/2018,22:00,60.44,60.82,59.89,59.90,1371519,0,100.00,32.00,70.00,30.00,142.06,100.00,-100.00
04/19/2018,22:00,59.79,59.99,59.27,59.86,1107056,0,96.00,28.00,70.00,30.00,38.91,100.00,-100.00
04/20/2018,22:00,59.94,59.94,58.93,59.22,1478660,0,92.00,24.00,70.00,30.00,-42.41,100.00,-100.00
04/23/2018,22:00,59.37,59.79,58.91,59.21,1288025,0,88.00,20.00,70.00,30.00,-63.33,100.00,-100.00
04/24/2018,22:00,59.34,59.91,59.06,59.44,2045274,0,84.00,16.00,70.00,30.00,-25.71,100.00,-100.00
04/25/2018,22:00,59.23,59.60,58.75,59.37,1718726,0,80.00,12.00,70.00,30.00,-72.36,100.00,-100.00
04/26/2018,22:00,59.41,60.17,59.03,60.02,1640362,0,76.00,8.00,70.00,30.00,49.40,100.00,-100.00
04/27/2018,22:00,59.93,60.89,59.77,60.62,1288622,0,100.00,4.00,70.00,30.00,173.46,100.00,-100.00
04/30/2018,22:00,60.59,60.87,60.13,60.25,2872487,0,96.00,4.00,70.00,30.00,132.35,100.00,-100.00
05/01/2018,22:00,60.38,60.45,59.58,59.75,2356743,0,92.00,4.00,70.00,30.00,41.75,100.00,-100.00
05/02/2018,22:00,59.71,59.99,59.34,59.69,1671397,0,88.00,4.00,70.00,30.00,-10.40,100.00,-100.00
05/03/2018,22:00,59.15,59.53,58.52,58.87,1777397,0,84.00,12.00,70.00,30.00,-140.00,100.00,-100.00
05/04/2018,22:00,59.09,59.25,58.67,59.04,1828004,0,80.00,8.00,70.00,30.00,-117.56,100.00,-100.00
05/07/2018,22:00,59.10,59.18,58.60,58.73,1672394,0,76.00,4.00,70.00,30.00,-118.84,100.00,-100.00
05/08/2018,22:00,58.59,58.71,57.22,57.32,2113949,0,72.00,100.00,70.00,30.00,-225.03,100.00,-100.00
05/09/2018,22:00,57.47,57.47,56.38,57.00,1720293,0,68.00,100.00,70.00,30.00,-230.37,100.00,-100.00
05/10/2018,22:00,57.54,57.98,57.16,57.95,1289331,0,64.00,96.00,70.00,30.00,-121.16,100.00,-100.00
05/11/2018,22:00,58.00,58.09,57.71,58.04,945024,0,60.00,92.00,70.00,30.00,-83.83,100.00,-100.00
05/14/2018,22:00,58.06,58.28,57.28,57.53,2212740,0,56.00,88.00,70.00,30.00,-86.27,100.00,-100.00
05/15/2018,22:00,57.34,57.52,56.80,57.39,1494310,0,52.00,84.00,70.00,30.00,-98.06,100.00,-100.00
05/16/2018,22:00,57.49,57.86,57.21,57.44,2636959,0,48.00,80.00,70.00,30.00,-69.03,100.00,-100.00
05/17/2018,22:00,57.50,57.71,56.96,57.10,1888017,0,44.00,76.00,70.00,30.00,-75.51,100.00,-100.00
05/18/2018,22:00,57.06,57.62,56.92,57.32,1844558,0,40.00,72.00,70.00,30.00,-67.48,100.00,-100.00
05/21/2018,22:00,57.49,57.55,56.94,57.47,1741997,0,36.00,68.00,70.00,30.00,-60.80,100.00,-100.00
05/22/2018,22:00,57.44,57.96,57.39,57.78,1759153,0,32.00,64.00,70.00,30.00,-11.34,100.00,-100.00
05/23/2018,22:00,57.43,57.85,55.31,56.54,5314582,0,28.00,100.00,70.00,30.00,-151.82,100.00,-100.00
05/24/2018,22:00,56.54,56.66,56.06,56.63,2857950,0,24.00,96.00,70.00,30.00,-152.65,100.00,-100.00
05/25/2018,22:00,56.75,56.80,56.23,56.26,2806556,0,20.00,92.00,70.00,30.00,-143.38,100.00,-100.00
05/29/2018,22:00,56.45,57.28,56.36,56.81,3023588,0,16.00,88.00,70.00,30.00,-64.44,100.00,-100.00
05/30/2018,22:00,56.68,57.34,56.40,57.14,2262947,0,12.00,84.00,70.00,30.00,-40.85,100.00,-100.00
05/31/2018,22:00,57.16,57.43,56.81,57.08,2076541,0,8.00,80.00,70.00,30.00,-9.98,100.00,-100.00
06/01/2018,22:00,56.65,56.92,55.59,55.80,2536060,0,4.00,76.00,70.00,30.00,-151.30,100.00,-100.00
06/04/2018,22:00,55.97,56.24,55.49,55.50,2165188,0,4.00,72.00,70.00,30.00,-165.32,100.00,-100.00
06/05/2018,22:00,55.52,55.67,54.89,54.99,1444775,0,4.00,100.00,70.00,30.00,-182.42,100.00,-100.00
06/06/2018,22:00,55.02,55.03,53.51,53.64,2206711,0,4.00,100.00,70.00,30.00,-226.46,100.00,-100.00
06/07/2018,22:00,53.69,54.17,53.15,53.60,2194842,0,4.00,100.00,70.00,30.00,-187.45,100.00,-100.00
06/08/2018,22:00,53.80,54.03,53.37,53.56,1391096,0,4.00,96.00,70.00,30.00,-142.44,100.00,-100.00
06/11/2018,22:00,53.61,53.63,52.76,52.87,1835560,0,4.00,100.00,70.00,30.00,-137.91,100.00,-100.00
06/12/2018,22:00,52.83,53.88,52.79,53.68,2003122,0,4.00,96.00,70.00,30.00,-97.89,100.00,-100.00
06/13/2018,22:00,53.83,54.06,53.29,53.43,2293235,0,16.00,92.00,70.00,30.00,-77.15,100.00,-100.00
06/14/2018,22:00,53.53,54.08,53.40,53.99,2334064,0,12.00,88.00,70.00,30.00,-56.46,100.00,-100.00
06/15/2018,22:00,54.03,54.70,53.69,54.63,3192896,0,8.00,84.00,70.00,30.00,-25.30,100.00,-100.00
06/18/2018,22:00,54.56,55.10,54.50,55.09,2393258,0,4.00,80.00,70.00,30.00,12.35,100.00,-100.00
06/19/2018,22:00,55.23,56.22,54.95,55.76,2132077,0,24.00,76.00,70.00,30.00,68.84,100.00,-100.00
06/20/2018,22:00,55.87,55.90,55.44,55.81,1152725,0,20.00,72.00,70.00,30.00,90.26,100.00,-100.00
06/21/2018,22:00,55.61,55.98,55.46,55.70,1219086,0,16.00,68.00,70.00,30.00,95.44,100.00,-100.00
06/22/2018,22:00,56.58,56.73,55.88,56.03,2479422,0,12.00,64.00,70.00,30.00,125.63,100.00,-100.00
06/25/2018,22:00,56.33,57.36,56.28,57.33,2908259,0,8.00,60.00,70.00,30.00,148.96,100.00,-100.00
06/26/2018,22:00,57.25,57.98,57.10,57.55,2506328,0,100.00,56.00,70.00,30.00,145.18,100.00,-100.00
06/27/2018,22:00,57.85,58.13,57.26,57.99,1587356,0,100.00,52.00,70.00,30.00,130.17,100.00,-100.00
06/28/2018,22:00,58.15,58.53,57.96,58.28,1762112,0,100.00,48.00,70.00,30.00,130.59,100.00,-100.00
06/29/2018,22:00,58.09,58.91,57.71,58.61,2556568,0,100.00,44.00,70.00,30.00,119.05,100.00,-100.00
07/02/2018,22:00,58.60,59.09,58.36,59.02,1601755,0,100.00,40.00,70.00,30.00,116.82,100.00,-100.00
07/03/2018,22:00,59.08,59.95,58.81,59.52,1338652,0,100.00,36.00,70.00,30.00,122.45,100.00,-100.00
07/05/2018,22:00,59.61,59.76,59.15,59.72,2330846,0,96.00,32.00,70.00,30.00,112.73,100.00,-100.00
07/06/2018,22:00,59.76,60.44,59.72,60.31,1562955,0,100.00,28.00,70.00,30.00,125.04,100.00,-100.00
07/09/2018,22:00,60.61,60.68,58.24,58.46,2145945,0,100.00,24.00,70.00,30.00,67.72,100.00,-100.00
07/10/2018,22:00,58.33,59.08,57.80,58.72,2001912,0,96.00,20.00,70.00,30.00,29.58,100.00,-100.00
07/11/2018,22:00,58.86,59.30,58.75,59.25,1770542,0,92.00,16.00,70.00,30.00,55.68,100.00,-100.00
07/12/2018,22:00,59.34,59.42,58.88,59.14,2399198,0,88.00,12.00,70.00,30.00,51.48,100.00,-100.00
07/13/2018,22:00,59.14,59.48,58.81,59.14,1842550,0,84.00,8.00,70.00,30.00,42.14,100.00,-100.00
07/16/2018,22:00,59.18,59.30,58.67,59.04,2393892,0,80.00,4.00,70.00,30.00,17.96,100.00,-100.00
07/17/2018,22:00,59.17,59.25,58.68,58.87,1926153,0,76.00,4.00,70.00,30.00,-3.68,100.00,-100.00
07/18/2018,22:00,58.96,58.98,58.42,58.52,1478339,0,72.00,4.00,70.00,30.00,-69.84,100.00,-100.00
07/19/2018,22:00,58.79,59.39,58.66,59.16,1674637,0,68.00,4.00,70.00,30.00,-1.21,100.00,-100.00
07/20/2018,22:00,58.98,59.05,58.34,58.75,1743514,0,64.00,4.00,70.00,30.00,-91.23,100.00,-100.00
07/23/2018,22:00,58.76,58.88,58.14,58.46,1358945,0,60.00,4.00,70.00,30.00,-127.23,100.00,-100.00
07/24/2018,22:00,58.29,58.99,57.49,58.82,2083274,0,56.00,4.00,70.00,30.00,-117.08,100.00,-100.00
07/25/2018,22:00,58.92,59.54,58.73,59.34,2130877,0,52.00,4.00,70.00,30.00,49.45,100.00,-100.00
07/26/2018,22:00,59.70,60.54,59.70,60.36,2277992,0,48.00,4.00,70.00,30.00,265.50,100.00,-100.00
07/27/2018,22:00,60.18,60.59,59.88,60.08,1168068,0,44.00,4.00,70.00,30.00,198.49,100.00,-100.00
07/30/2018,22:00,59.98,60.12,59.47,59.76,1863409,0,40.00,4.00,70.00,30.00,106.74,100.00,-100.00
07/31/2018,22:00,60.01,60.81,59.65,60.72,2144391,0,100.00,4.00,70.00,30.00,149.45,100.00,-100.00
08/01/2018,22:00,59.80,60.08,59.30,59.74,2446244,0,96.00,4.00,70.00,30.00,51.57,100.00,-100.00
08/02/2018,22:00,59.70,60.27,59.36,60.00,1386391,0,92.00,72.00,70.00,30.00,61.25,100.00,-100.00
08/03/2018,22:00,60.15,61.00,59.73,60.93,1328150,0,100.00,68.00,70.00,30.00,112.66,100.00,-100.00
08/06/2018,22:00,60.84,61.46,60.83,61.09,990325,0,100.00,64.00,70.00,30.00,141.61,100.00,-100.00
08/07/2018,22:00,61.09,61.22,60.38,60.99,1104057,0,96.00,60.00,70.00,30.00,104.86,100.00,-100.00
08/08/2018,22:00,60.74,61.15,60.49,60.95,942686,0,92.00,56.00,70.00,30.00,91.53,100.00,-100.00
08/09/2018,22:00,60.98,61.25,60.71,61.14,982414,0,88.00,52.00,70.00,30.00,95.33,100.00,-100.00
08/10/2018,22:00,61.30,61.80,61.20,61.35,1192429,0,100.00,48.00,70.00,30.00,124.62,100.00,-100.00
08/13/2018,22:00,61.48,61.78,61.23,61.75,1617152,0,96.00,44.00,70.00,30.00,126.20,100.00,-100.00
08/14/2018,22:00,61.57,62.15,61.54,61.80,1091612,0,100.00,40.00,70.00,30.00,133.80,100.00,-100.00
08/15/2018,22:00,61.92,62.75,61.78,62.34,1294372,0,100.00,36.00,70.00,30.00,153.74,100.00,-100.00
08/16/2018,22:00,62.29,63.00,62.10,62.99,1773593,0,100.00,32.00,70.00,30.00,158.42,100.00,-100.00
08/17/2018,22:00,62.89,63.47,62.77,63.24,1020590,0,100.00,28.00,70.00,30.00,161.21,100.00,-100.00
08/20/2018,22:00,63.31,63.53,62.91,63.12,871202,0,100.00,24.00,70.00,30.00,133.53,100.00,-100.00
08/21/2018,22:00,63.08,63.08,62.56,62.81,954560,0,96.00,20.00,70.00,30.00,89.74,100.00,-100.00
08/22/2018,22:00,62.92,63.08,62.09,62.36,1195798,0,92.00,16.00,70.00,30.00,55.28,100.00,-100.00
08/23/2018,22:00,62.34,62.75,62.25,62.43,727785,0,88.00,12.00,70.00,30.00,43.55,100.00,-100.00
08/24/2018,22:00,62.52,62.81,62.06,62.76,882800,0,84.00,8.00,70.00,30.00,42.57,100.00,-100.00
08/27/2018,22:00,62.93,62.93,61.85,62.21,1023556,0,80.00,4.00,70.00,30.00,14.56,100.00,-100.00
08/28/2018,22:00,62.14,62.24,61.69,61.84,1302370,0,76.00,4.00,70.00,30.00,-46.13,100.00,-100.00
08/29/2018,22:00,62.10,62.22,61.75,62.18,847559,0,72.00,20.00,70.00,30.00,-46.66,100.00,-100.00
08/30/2018,22:00,62.52,62.83,62.23,62.64,1356425,0,68.00,16.00,70.00,30.00,25.74,100.00,-100.00
08/31/2018,22:00,62.56,62.84,62.10,62.43,1291877,0,64.00,12.00,70.00,30.00,-7.17,100.00,-100.00
09/04/2018,22:00,62.48,62.96,62.30,62.42,1314052,0,60.00,8.00,70.00,30.00,5.22,100.00,-100.00
09/05/2018,22:00,62.47,63.45,62.44,63.38,952951,0,56.00,4.00,70.00,30.00,117.12,100.00,-100.00
09/06/2018,22:00,63.30,63.85,63.08,63.51,1061598,0,100.00,4.00,70.00,30.00,156.43,100.00,-100.00
09/07/2018,22:00,63.02,63.36,62.64,62.81,1187784,0,96.00,4.00,70.00,30.00,60.10,100.00,-100.00
09/10/2018,22:00,62.92,63.54,62.79,63.30,1032355,0,92.00,8.00,70.00,30.00,113.97,100.00,-100.00
09/11/2018,22:00,63.46,63.68,63.07,63.27,1048249,0,88.00,4.00,70.00,30.00,115.79,100.00,-100.00
09/12/2018,22:00,63.24,63.75,63.15,63.21,1276066,0,84.00,4.00,70.00,30.00,98.36,100.00,-100.00
09/13/2018,22:00,63.19,63.62,62.90,63.61,868611,0,80.00,4.00,70.00,30.00,84.10,100.00,-100.00
09/14/2018,22:00,63.34,63.57,62.69,63.53,1120056,0,76.00,4.00,70.00,30.00,59.05,100.00,-100.00
09/17/2018,22:00,63.57,63.81,63.21,63.77,984024,0,72.00,4.00,70.00,30.00,95.97,100.00,-100.00
09/18/2018,22:00,63.62,63.88,63.35,63.64,807736,0,100.00,4.00,70.00,30.00,94.33,100.00,-100.00
09/19/2018,22:00,63.60,63.60,61.68,62.03,1391851,0,96.00,100.00,70.00,30.00,-121.93,100.00,-100.00
09/20/2018,22:00,61.41,61.80,61.04,61.77,1265522,0,92.00,100.00,70.00,30.00,-218.18,100.00,-100.00
09/21/2018,22:00,61.57,62.47,61.33,62.16,2685832,0,88.00,96.00,70.00,30.00,-134.26,100.00,-100.00
09/24/2018,22:00,61.99,62.27,61.43,61.48,1131276,0,84.00,92.00,70.00,30.00,-139.30,100.00,-100.00
09/25/2018,22:00,61.47,61.55,60.42,60.68,1484385,0,80.00,100.00,70.00,30.00,-166.82,100.00,-100.00
09/26/2018,22:00,60.91,61.10,60.15,60.20,1511490,0,76.00,100.00,70.00,30.00,-154.03,100.00,-100.00
09/27/2018,22:00,60.40,61.00,60.23,60.56,1072415,0,72.00,96.00,70.00,30.00,-117.50,100.00,-100.00
09/28/2018,22:00,60.83,61.47,60.72,61.44,1697432,0,68.00,92.00,70.00,30.00,-66.24,100.00,-100.00
10/01/2018,22:00,61.27,61.60,61.08,61.52,927810,0,64.00,88.00,70.00,30.00,-46.91,100.00,-100.00
10/02/2018,22:00,61.58,62.32,61.58,62.16,1177684,0,60.00,84.00,70.00,30.00,0.75,100.00,-100.00
10/03/2018,22:00,62.10,62.31,60.56,61.09,1472961,0,56.00,80.00,70.00,30.00,-44.09,100.00,-100.00
10/04/2018,22:00,61.02,61.78,60.61,61.54,906896,0,52.00,76.00,70.00,30.00,-38.23,100.00,-100.00
10/05/2018,22:00,61.54,62.61,61.54,62.40,1493827,0,48.00,72.00,70.00,30.00,61.70,100.00,-100.00
10/08/2018,22:00,62.65,63.23,62.24,62.83,1316235,0,44.00,68.00,70.00,30.00,149.93,100.00,-100.00
10/09/2018,22:00,62.96,63.60,62.72,63.36,1440803,0,40.00,64.00,70.00,30.00,178.64,100.00,-100.00
10/10/2018,22:00,63.30,64.02,63.00,63.04,1841909,0,100.00,60.00,70.00,30.00,148.35,100.00,-100.00
10/11/2018,22:00,63.39,63.54,61.51,61.68,2396188,0,96.00,56.00,70.00,30.00,42.86,100.00,-100.00
10/12/2018,22:00,61.62,61.74,60.98,61.52,1660604,0,92.00,52.00,70.00,30.00,-28.90,100.00,-100.00
10/15/2018,22:00,61.50,61.96,61.29,61.37,1615946,0,88.00,48.00,70.00,30.00,-23.14,100.00,-100.00
10/16/2018,22:00,61.41,62.40,61.09,61.96,1769940,0,84.00,44.00,70.00,30.00,-7.19,100.00,-100.00
10/17/2018,22:00,62.07,62.86,62.00,62.49,1930510,0,80.00,40.00,70.00,30.00,48.96,100.00,-100.00
10/18/2018,22:00,62.62,62.75,61.81,62.18,1654437,0,76.00,36.00,70.00,30.00,18.85,100.00,-100.00
10/19/2018,22:00,62.35,63.72,62.24,63.33,1300449,0,72.00,32.00,70.00,30.00,105.97,100.00,-100.00
10/22/2018,22:00,63.32,63.71,62.95,63.20,1147057,0,68.00,28.00,70.00,30.00,105.27,100.00,-100.00
10/23/2018,22:00,63.35,63.81,62.85,63.30,1541989,0,64.00,24.00,70.00,30.00,93.19,100.00,-100.00
10/24/2018,22:00,63.58,65.29,63.24,64.87,1483278,0,100.00,20.00,70.00,30.00,174.04,100.00,-100.00
10/25/2018,22:00,64.34,64.43,63.33,63.67,1691233,0,96.00,16.00,70.00,30.00,94.57,100.00,-100.00
10/26/2018,22:00,63.90,64.48,62.22,62.77,1627740,0,92.00,12.00,70.00,30.00,30.63,100.00,-100.00
10/29/2018,22:00,63.04,64.02,62.87,63.93,1045786,0,88.00,8.00,70.00,30.00,66.58,100.00,-100.00
10/30/2018,22:00,64.28,64.40,63.15,64.03,1459003,0,84.00,4.00,70.00,30.00,82.19,100.00,-100.00
10/31/2018,22:00,63.70,63.90,62.77,63.26,1839121,0,80.00,4.00,70.00,30.00,31.13,100.00,-100.00
11/01/2018,22:00,63.09,63.34,62.52,62.69,1583802,0,76.00,16.00,70.00,30.00,-22.15,100.00,-100.00
11/02/2018,22:00,63.57,64.03,61.57,62.19,2104473,0,72.00,12.00,70.00,30.00,-66.91,100.00,-100.00
11/05/2018,22:00,62.43,63.24,62.22,62.92,1459315,0,68.00,8.00,70.00,30.00,-59.18,100.00,-100.00
11/06/2018,22:00,62.97,63.52,62.86,63.47,733599,0,64.00,4.00,70.00,30.00,3.33,100.00,-100.00
11/07/2018,22:00,63.76,64.46,63.50,64.38,1149953,0,60.00,4.00,70.00,30.00,116.39,100.00,-100.00
11/08/2018,22:00,64.49,64.66,64.04,64.54,1317102,0,56.00,24.00,70.00,30.00,129.44,100.00,-100.00
11/09/2018,22:00,64.48,65.50,64.38,65.14,1222327,0,100.00,20.00,70.00,30.00,162.96,100.00,-100.00
11/12/2018,22:00,64.74,66.26,64.57,65.48,1042186,0,100.00,16.00,70.00,30.00,164.11,100.00,-100.00
11/13/2018,22:00,65.62,65.96,65.03,65.77,1376941,0,96.00,12.00,70.00,30.00,151.98,100.00,-100.00
11/14/2018,22:00,64.67,65.82,64.67,65.43,1609085,0,92.00,8.00,70.00,30.00,102.76,100.00,-100.00
11/15/2018,22:00,65.26,66.21,64.48,66.20,2197051,0,88.00,4.00,70.00,30.00,106.01,100.00,-100.00
11/16/2018,22:00,66.97,67.05,66.15,67.04,2033169,0,100.00,8.00,70.00,30.00,145.87,100.00,-100.00
11/19/2018,22:00,66.98,67.46,66.69,67.38,2452488,0,100.00,4.00,70.00,30.00,137.76,100.00,-100.00
11/20/2018,22:00,67.77,68.31,66.98,67.64,2193259,0,100.00,52.00,70.00,30.00,137.09,100.00,-100.00
11/21/2018,22:00,67.33,67.44,66.24,66.42,1605205,0,96.00,48.00,70.00,30.00,80.60,100.00,-100.00
11/23/2018,22:00,66.57,66.94,66.10,66.82,1142824,0,92.00,44.00,70.00,30.00,68.67,100.00,-100.00
11/26/2018,22:00,66.91,67.16,66.31,66.80,1934844,0,88.00,40.00,70.00,30.00,65.82,100.00,-100.00
11/27/2018,22:00,66.91,67.47,66.70,67.45,2282196,0,84.00,36.00,70.00,30.00,82.61,100.00,-100.00
11/28/2018,22:00,67.55,67.73,67.02,67.43,1859449,0,80.00,32.00,70.00,30.00,85.77,100.00,-100.00
11/29/2018,22:00,67.43,67.47,66.46,67.07,2004701,0,76.00,28.00,70.00,30.00,49.45,100.00,-100.00
11/30/2018,22:00,67.29,68.39,67.04,68.34,3012085,0,100.00,24.00,70.00,30.00,126.79,100.00,-100.00
12/03/2018,22:00,68.25,68.74,67.52,68.74,1955487,0,100.00,20.00,70.00,30.00,147.51,100.00,-100.00
12/04/2018,22:00,68.97,69.83,68.82,68.95,2665370,0,100.00,16.00,70.00,30.00,192.18,100.00,-100.00
12/06/2018,22:00,69.24,69.42,67.72,69.14,2344718,0,96.00,12.00,70.00,30.00,128.49,100.00,-100.00
12/07/2018,22:00,69.18,69.72,68.63,69.46,1287645,0,92.00,8.00,70.00,30.00,142.59,100.00,-100.00
12/10/2018,22:00,69.42,69.82,68.18,69.64,1809505,0,88.00,4.00,70.00,30.00,111.78,100.00,-100.00
12/11/2018,22:00,69.84,70.34,69.22,70.17,1460882,0,100.00,4.00,70.00,30.00,133.05,100.00,-100.00
12/12/2018,22:00,70.00,70.50,69.42,69.45,2220602,0,100.00,4.00,70.00,30.00,102.99,100.00,-100.00
12/13/2018,22:00,69.52,70.47,69.52,70.23,1826112,0,96.00,4.00,70.00,30.00,104.90,100.00,-100.00
12/14/2018,22:00,70.27,70.53,69.48,69.77,1784263,0,100.00,4.00,70.00,30.00,85.05,100.00,-100.00
12/17/2018,22:00,69.50,69.63,66.96,67.25,2151362,0,96.00,4.00,70.00,30.00,-55.18,100.00,-100.00
12/18/2018,22:00,67.51,68.25,66.83,67.06,1838543,0,92.00,16.00,70.00,30.00,-98.53,100.00,-100.00
12/19/2018,22:00,67.36,68.18,66.70,67.29,1776869,0,88.00,12.00,70.00,30.00,-97.74,100.00,-100.00
12/20/2018,22:00,67.33,68.14,66.25,67.17,2050410,0,84.00,8.00,70.00,30.00,-115.57,100.00,-100.00
12/21/2018,22:00,66.87,68.79,66.47,66.47,3747023,0,80.00,4.00,70.00,30.00,-101.42,100.00,-100.00
12/24/2018,22:00,66.64,66.95,63.36,63.38,871292,0,76.00,100.00,70.00,30.00,-204.45,100.00,-100.00
12/26/2018,22:00,63.54,64.36,62.61,64.24,1157034,0,72.00,100.00,70.00,30.00,-186.31,100.00,-100.00
12/27/2018,22:00,64.26,64.78,63.31,64.78,2316563,0,68.00,96.00,70.00,30.00,-131.09,100.00,-100.00
12/28/2018,22:00,64.83,65.48,64.47,64.67,1095873,0,64.00,92.00,70.00,30.00,-94.18,100.00,-100.00
12/31/2018,22:00,64.65,65.05,63.99,65.04,1492101,0,60.00,88.00,70.00,30.00,-84.07,100.00,-100.00
01/02/2019,22:00,64.93,64.95,63.14,63.49,1493351,0,56.00,84.00,70.00,30.00,-93.85,100.00,-100.00
01/03/2019,22:00,63.55,64.20,63.20,63.45,1272058,0,52.00,80.00,70.00,30.00,-87.59,100.00,-100.00
01/04/2019,22:00,63.14,64.27,63.10,64.09,1365894,0,48.00,76.00,70.00,30.00,-71.77,100.00,-100.00
01/07/2019,22:00,63.77,64.47,63.54,63.93,1211216,0,44.00,72.00,70.00,30.00,-59.81,100.00,-100.00
01/08/2019,22:00,63.84,65.31,63.64,65.10,1479265,0,40.00,68.00,70.00,30.00,-21.72,100.00,-100.00
01/09/2019,22:00,64.82,65.43,64.57,64.75,1483888,0,36.00,64.00,70.00,30.00,-0.09,100.00,-100.00
01/10/2019,22:00,64.89,66.15,64.64,66.05,1660335,0,32.00,60.00,70.00,30.00,65.28,100.00,-100.00
01/11/2019,22:00,65.97,66.25,65.43,65.99,1301369,0,28.00,56.00,70.00,30.00,110.23,100.00,-100.00
01/14/2019,22:00,65.33,65.76,64.73,65.58,2219364,0,24.00,52.00,70.00,30.00,90.69,100.00,-100.00
01/15/2019,22:00,65.30,66.91,65.30,66.41,1484402,0,20.00,48.00,70.00,30.00,148.81,100.00,-100.00
01/16/2019,22:00,66.22,66.77,66.13,66.66,2177074,0,16.00,44.00,70.00,30.00,146.52,100.00,-100.00
01/17/2019,22:00,66.72,67.44,66.52,67.28,1595515,0,12.00,40.00,70.00,30.00,150.81,100.00,-100.00
01/18/2019,22:00,67.36,67.82,67.21,67.67,1556937,0,8.00,36.00,70.00,30.00,146.08,100.00,-100.00
01/22/2019,22:00,67.80,68.30,66.82,67.49,1780855,0,4.00,32.00,70.00,30.00,118.94,100.00,-100.00
01/23/2019,22:00,67.42,68.33,67.42,68.30,1284279,0,4.00,28.00,70.00,30.00,124.50,100.00,-100.00
01/24/2019,22:00,68.52,68.57,67.76,68.46,1582068,0,16.00,24.00,70.00,30.00,119.07,100.00,-100.00
01/25/2019,22:00,68.24,68.58,67.21,67.28,1236313,0,12.00,20.00,70.00,30.00,76.29,100.00,-100.00
01/28/2019,22:00,67.42,67.66,66.68,67.11,1549033,0,8.00,16.00,70.00,30.00,35.94,100.00,-100.00
01/29/2019,22:00,67.33,67.77,67.11,67.35,1490087,0,4.00,12.00,70.00,30.00,45.07,100.00,-100.00
01/30/2019,22:00,66.94,67.76,66.87,67.58,1515917,0,88.00,8.00,70.00,30.00,37.33,100.00,-100.00
01/31/2019,22:00,68.14,69.82,67.48,69.41,3903590,0,100.00,4.00,70.00,30.00,155.22,100.00,-100.00
02/01/2019,22:00,69.41,69.54,68.38,69.14,1840393,0,96.00,24.00,70.00,30.00,149.66,100.00,-100.00
02/04/2019,22:00,68.64,69.02,68.04,69.02,1790279,0,92.00,20.00,70.00,30.00,104.78,100.00,-100.00
02/05/2019,22:00,69.05,69.46,68.64,69.31,1305932,0,88.00,16.00,70.00,30.00,123.67,100.00,-100.00
02/06/2019,22:00,69.20,69.56,68.84,69.02,1109574,0,84.00,12.00,70.00,30.00,105.49,100.00,-100.00
02/07/2019,22:00,69.08,70.02,68.75,70.02,1597191,0,100.00,8.00,70.00,30.00,125.76,100.00,-100.00
02/08/2019,22:00,69.80,70.08,69.40,70.05,2071558,0,100.00,4.00,70.00,30.00,122.76,100.00,-100.00
02/11/2019,22:00,69.71,70.49,69.69,70.15,1509112,0,100.00,4.00,70.00,30.00,124.71,100.00,-100.00
02/12/2019,22:00,70.39,70.62,69.71,70.28,1252278,0,100.00,4.00,70.00,30.00,114.26,100.00,-100.00
02/13/2019,22:00,70.06,70.26,69.65,70.06,1412398,0,96.00,4.00,70.00,30.00,85.89,100.00,-100.00
02/14/2019,22:00,70.19,70.48,69.73,70.10,1735010,0,92.00,4.00,70.00,30.00,85.90,100.00,-100.00
02/15/2019,22:00,70.34,70.61,69.88,70.20,1582001,0,88.00,8.00,70.00,30.00,86.38,100.00,-100.00
02/19/2019,22:00,70.17,70.51,69.81,70.40,1472477,0,84.00,4.00,70.00,30.00,78.94,100.00,-100.00
02/20/2019,22:00,70.29,70.51,70.02,70.27,2142491,0,80.00,4.00,70.00,30.00,77.06,100.00,-100.00
02/21/2019,22:00,70.00,70.57,69.48,70.53,3050083,0,76.00,4.00,70.00,30.00,60.76,100.00,-100.00
02/22/2019,22:00,70.00,70.55,69.78,70.30,2452897,0,72.00,4.00,70.00,30.00,58.08,100.00,-100.00
02/25/2019,22:00,69.48,69.84,69.06,69.37,2706333,0,68.00,24.00,70.00,30.00,-94.24,100.00,-100.00
02/26/2019,22:00,69.50,69.76,68.92,69.66,2623046,0,64.00,20.00,70.00,30.00,-102.56,100.00,-100.00
02/27/2019,22:00,69.42,69.71,69.17,69.66,1333469,0,60.00,16.00,70.00,30.00,-105.61,100.00,-100.00
02/28/2019,22:00,69.66,70.11,69.23,69.81,2261436,0,56.00,12.00,70.00,30.00,-61.47,100.00,-100.00
03/01/2019,22:00,69.90,69.92,68.95,69.74,2684368,0,52.00,8.00,70.00,30.00,-91.23,100.00,-100.00
03/04/2019,22:00,69.89,69.89,68.55,68.97,2297369,0,48.00,4.00,70.00,30.00,-139.55,100.00,-100.00
03/05/2019,22:00,68.86,68.96,68.38,68.59,2024700,0,44.00,8.00,70.00,30.00,-179.29,100.00,-100.00
03/06/2019,22:00,68.77,69.22,68.40,69.07,1921115,0,40.00,4.00,70.00,30.00,-115.28,100.00,-100.00
03/07/2019,22:00,69.37,69.81,69.09,69.39,2173720,0,36.00,4.00,70.00,30.00,-31.30,100.00,-100.00
03/08/2019,22:00,69.61,69.88,69.10,69.68,1800625,0,32.00,8.00,70.00,30.00,-5.69,100.00,-100.00
03/11/2019,22:00,69.76,70.29,69.54,70.28,1904629,0,28.00,4.00,70.00,30.00,84.60,100.00,-100.00
03/12/2019,22:00,70.54,70.75,70.14,70.51,1976598,0,100.00,80.00,70.00,30.00,152.59,100.00,-100.00
03/13/2019,22:00,70.37,70.83,70.28,70.60,1385521,0,100.00,76.00,70.00,30.00,152.15,100.00,-100.00
03/14/2019,22:00,70.75,71.27,70.38,70.92,1977761,0,100.00,72.00,70.00,30.00,166.76,100.00,-100.00
03/15/2019,22:00,70.56,71.96,70.56,71.73,6916662,0,100.00,68.00,70.00,30.00,173.70,100.00,-100.00
03/18/2019,22:00,71.60,71.76,70.94,71.26,2107962,0,96.00,64.00,70.00,30.00,127.83,100.00,-100.00
03/19/2019,22:00,71.07,71.12,70.00,70.20,1690452,0,92.00,60.00,70.00,30.00,40.16,100.00,-100.00
03/20/2019,22:00,70.66,70.89,70.00,70.22,2145947,0,88.00,56.00,70.00,30.00,29.44,100.00,-100.00
