"Date","Time","Open","High","Low","Close","Vol","OI","AroonUp","AroonDn","OverBought","OverSold","CCI","OverBot","OverSld"
03/20/2017,22:00,869.48,870.34,864.67,867.91,1542199,0,0.00,0.00,0.00,0.00,0.00,0.00,0.00
03/21/2017,22:00,870.06,873.47,847.69,850.14,2537978,0,0.00,0.00,0.00,0.00,0.00,0.00,0.00
03/22/2017,22:00,849.48,855.35,847.00,849.80,1366749,0,0.00,0.00,0.00,0.00,0.00,0.00,0.00
03/23/2017,22:00,840.44,841.69,833.00,839.65,3287669,0,0.00,0.00,0.00,0.00,0.00,0.00,0.00
03/24/2017,22:00,842.00,844.00,829.10,835.14,2105682,0,0.00,0.00,0.00,0.00,0.00,0.00,0.00
03/27/2017,22:00,828.09,841.38,824.30,838.51,1935211,0,0.00,0.00,0.00,0.00,0.00,0.00,0.00
03/28/2017,22:00,839.69,845.40,832.27,840.63,1519202,0,0.00,0.00,0.00,0.00,0.00,0.00,0.00
03/29/2017,22:00,842.75,851.59,841.38,849.87,1457347,0,0.00,0.00,0.00,0.00,0.00,0.00,0.00
03/30/2017,22:00,851.98,852.00,846.77,849.48,949398,0,0.00,0.00,0.00,0.00,0.00,0.00,0.00
03/31/2017,22:00,846.83,849.56,845.24,847.80,1440982,0,0.00,0.00,0.00,0.00,0.00,0.00,0.00
04/03/2017,22:00,848.75,859.00,847.53,856.75,1969402,0,0.00,0.00,0.00,0.00,0.00,0.00,0.00
04/04/2017,22:00,848.00,853.00,847.51,852.57,1348494,0,0.00,0.00,0.00,0.00,0.00,0.00,0.00
04/05/2017,22:00,854.71,860.59,847.52,848.91,1855153,0,0.00,0.00,0.00,0.00,0.00,0.00,0.00
04/06/2017,22:00,849.50,853.59,844.00,845.10,1533564,0,0.00,0.00,0.00,0.00,0.00,0.00,0.00
04/07/2017,22:00,845.00,845.88,837.30,842.10,1111610,0,0.00,0.00,0.00,0.00,-51.07,100.00,-100.00
04/10/2017,22:00,841.54,846.74,840.79,841.70,1046215,0,0.00,0.00,0.00,0.00,-26.67,100.00,-100.00
04/11/2017,22:00,841.70,844.63,834.60,839.88,974343,0,0.00,0.00,0.00,0.00,-57.97,100.00,-100.00
04/12/2017,22:00,838.46,843.72,837.59,841.46,1135775,0,0.00,0.00,0.00,0.00,-47.34,100.00,-100.00
04/13/2017,22:00,841.04,843.73,837.85,840.18,1073650,0,0.00,0.00,0.00,0.00,-59.22,100.00,-100.00
04/17/2017,22:00,841.38,855.64,841.03,855.13,1049125,0,0.00,0.00,0.00,0.00,66.29,100.00,-100.00
04/18/2017,22:00,852.54,857.39,851.25,853.99,936201,0,0.00,0.00,0.00,0.00,109.27,100.00,-100.00
04/19/2017,22:00,857.39,860.20,853.53,856.51,1080336,0,0.00,0.00,0.00,0.00,122.78,100.00,-100.00
04/20/2017,22:00,859.74,863.93,857.50,860.08,1188843,0,0.00,0.00,0.00,0.00,140.65,100.00,-100.00
04/21/2017,22:00,860.62,862.44,857.73,858.95,1172870,0,0.00,0.00,0.00,0.00,109.46,100.00,-100.00
04/24/2017,22:00,868.44,879.96,866.11,878.93,1696483,0,0.00,0.00,0.00,0.00,212.85,100.00,-100.00
04/25/2017,22:00,882.26,892.25,879.28,888.84,2038032,0,100.00,20.00,70.00,30.00,216.32,100.00,-100.00
04/26/2017,22:00,891.39,892.99,885.15,889.14,1323297,0,100.00,16.00,70.00,30.00,169.12,100.00,-100.00
04/27/2017,22:00,890.00,893.38,887.18,891.44,2342303,0,100.00,12.00,70.00,30.00,137.94,100.00,-100.00
04/28/2017,22:00,927.00,935.90,923.22,924.52,3845857,0,100.00,8.00,70.00,30.00,204.68,100.00,-100.00
05/01/2017,22:00,923.13,935.82,920.80,932.82,2327782,0,96.00,4.00,70.00,30.00,160.10,100.00,-100.00
05/02/2017,22:00,932.00,942.99,931.00,937.09,1751292,0,100.00,4.00,70.00,30.00,143.63,100.00,-100.00
05/03/2017,22:00,936.05,950.20,935.21,948.45,1824759,0,100.00,40.00,70.00,30.00,134.05,100.00,-100.00
05/04/2017,22:00,950.29,959.14,947.37,954.72,1938260,0,100.00,36.00,70.00,30.00,125.00,100.00,-100.00
05/05/2017,22:00,956.72,958.44,948.10,950.28,1615548,0,96.00,32.00,70.00,30.00,100.13,100.00,-100.00
05/08/2017,22:00,947.45,960.99,947.40,958.69,1876690,0,100.00,28.00,70.00,30.00,91.20,100.00,-100.00
05/09/2017,22:00,961.33,962.20,954.40,956.71,1687942,0,100.00,24.00,70.00,30.00,84.23,100.00,-100.00
05/10/2017,22:00,956.22,956.71,949.84,954.84,1145969,0,96.00,20.00,70.00,30.00,69.45,100.00,-100.00
05/11/2017,22:00,951.29,957.99,948.61,955.89,1031093,0,92.00,16.00,70.00,30.00,66.13,100.00,-100.00
05/12/2017,22:00,957.85,957.98,952.06,955.14,1214851,0,88.00,12.00,70.00,30.00,62.69,100.00,-100.00
05/15/2017,22:00,955.29,962.70,952.82,959.22,1337697,0,100.00,8.00,70.00,30.00,67.91,100.00,-100.00
05/16/2017,22:00,963.55,965.90,960.35,964.61,1101544,0,100.00,4.00,70.00,30.00,88.48,100.00,-100.00
05/17/2017,22:00,959.70,960.99,940.06,942.17,2449058,0,96.00,4.00,70.00,30.00,-12.85,100.00,-100.00
05/18/2017,22:00,943.20,954.18,941.27,950.50,1800465,0,92.00,4.00,70.00,30.00,-22.30,100.00,-100.00
05/19/2017,22:00,952.82,959.56,952.00,954.65,1360299,0,88.00,4.00,70.00,30.00,38.00,100.00,-100.00
05/22/2017,22:00,957.00,964.82,956.56,964.07,1387392,0,84.00,4.00,70.00,30.00,130.28,100.00,-100.00
05/23/2017,22:00,969.96,974.51,964.50,970.55,1545421,0,100.00,4.00,70.00,30.00,211.67,100.00,-100.00
05/24/2017,22:00,975.26,978.12,971.63,977.61,1142488,0,100.00,4.00,70.00,30.00,208.85,100.00,-100.00
05/25/2017,22:00,979.00,995.78,977.82,991.86,1954149,0,100.00,4.00,70.00,30.00,228.11,100.00,-100.00
05/26/2017,22:00,992.00,996.39,987.36,993.27,1636416,0,100.00,4.00,70.00,30.00,182.66,100.00,-100.00
05/30/2017,22:00,992.50,997.62,991.36,996.17,1516685,0,100.00,4.00,70.00,30.00,147.29,100.00,-100.00
05/31/2017,22:00,996.21,999.60,981.68,987.09,1724095,0,100.00,4.00,70.00,30.00,97.54,100.00,-100.00
06/01/2017,22:00,990.96,993.14,981.29,988.29,1306384,0,96.00,4.00,70.00,30.00,75.36,100.00,-100.00
06/02/2017,22:00,989.28,996.48,987.07,996.12,1735469,0,92.00,8.00,70.00,30.00,85.53,100.00,-100.00
06/05/2017,22:00,997.89,1007.40,995.45,1003.88,1378916,0,100.00,4.00,70.00,30.00,106.48,100.00,-100.00
06/06/2017,22:00,1003.31,1008.61,994.80,996.68,1552114,0,100.00,4.00,70.00,30.00,84.52,100.00,-100.00
06/07/2017,22:00,998.82,1003.91,995.81,1001.59,1374097,0,96.00,4.00,70.00,30.00,79.61,100.00,-100.00
06/08/2017,22:00,1004.23,1005.60,996.62,1004.28,1687925,0,92.00,40.00,70.00,30.00,85.94,100.00,-100.00
06/09/2017,22:00,1005.49,1005.50,953.37,970.12,3647857,0,88.00,36.00,70.00,30.00,-79.54,100.00,-100.00
06/12/2017,22:00,958.72,968.00,936.80,961.81,4202109,0,84.00,100.00,70.00,30.00,-204.05,100.00,-100.00
06/13/2017,22:00,972.04,977.91,962.01,970.50,2005356,0,80.00,96.00,70.00,30.00,-111.96,100.00,-100.00
06/14/2017,22:00,975.50,979.70,959.51,967.93,1505486,0,76.00,92.00,70.00,30.00,-109.00,100.00,-100.00
06/15/2017,22:00,948.02,960.68,940.37,960.18,2427639,0,72.00,88.00,70.00,30.00,-146.07,100.00,-100.00
06/16/2017,22:00,957.91,959.95,948.70,958.62,2559207,0,68.00,84.00,70.00,30.00,-109.56,100.00,-100.00
06/19/2017,22:00,969.65,979.30,968.20,975.22,1468837,0,64.00,80.00,70.00,30.00,-27.40,100.00,-100.00
06/20/2017,22:00,975.31,980.79,968.20,968.99,1297287,0,60.00,76.00,70.00,30.00,-29.43,100.00,-100.00
06/21/2017,22:00,970.79,979.67,969.16,978.59,1161607,0,56.00,72.00,70.00,30.00,-12.75,100.00,-100.00
06/22/2017,22:00,976.87,980.50,973.31,976.62,1009476,0,52.00,68.00,70.00,30.00,-3.37,100.00,-100.00
06/23/2017,22:00,975.50,986.62,974.46,986.09,1563985,0,48.00,64.00,70.00,30.00,36.06,100.00,-100.00
06/26/2017,22:00,990.00,993.99,970.33,972.09,1517912,0,44.00,60.00,70.00,30.00,27.95,100.00,-100.00
06/27/2017,22:00,961.60,967.22,947.09,948.09,2443602,0,40.00,56.00,70.00,30.00,-115.51,100.00,-100.00
06/28/2017,22:00,950.66,963.24,936.16,961.01,2745568,0,36.00,100.00,70.00,30.00,-100.79,100.00,-100.00
06/29/2017,22:00,951.35,951.66,929.60,937.82,3206674,0,32.00,100.00,70.00,30.00,-151.15,100.00,-100.00
06/30/2017,22:00,943.99,945.00,929.61,929.68,2287662,0,28.00,96.00,70.00,30.00,-149.10,100.00,-100.00
07/03/2017,22:00,933.22,934.24,915.31,919.46,1694811,0,24.00,100.00,70.00,30.00,-161.80,100.00,-100.00
07/05/2017,22:00,924.20,936.29,918.63,932.26,2094055,0,20.00,96.00,70.00,30.00,-114.23,100.00,-100.00
07/06/2017,22:00,925.00,936.14,919.85,927.69,2014855,0,16.00,92.00,70.00,30.00,-101.65,100.00,-100.00
07/07/2017,22:00,930.99,944.66,929.79,940.81,1663302,0,12.00,88.00,70.00,30.00,-55.33,100.00,-100.00
07/10/2017,22:00,941.95,953.13,941.95,951.00,1451460,0,8.00,84.00,70.00,30.00,-14.23,100.00,-100.00
07/11/2017,22:00,950.52,954.89,945.12,953.53,1461247,0,4.00,80.00,70.00,30.00,0.69,100.00,-100.00
07/12/2017,22:00,960.86,969.63,957.04,967.66,1602115,0,8.00,76.00,70.00,30.00,61.74,100.00,-100.00
07/13/2017,22:00,970.80,978.70,964.80,968.85,1524571,0,4.00,72.00,70.00,30.00,91.55,100.00,-100.00
07/14/2017,22:00,974.00,977.54,970.15,976.91,1079608,0,4.00,68.00,70.00,30.00,115.78,100.00,-100.00
07/17/2017,22:00,978.50,983.35,970.80,975.96,1660464,0,44.00,64.00,70.00,30.00,126.04,100.00,-100.00
07/18/2017,22:00,973.36,990.85,972.04,986.95,1413335,0,40.00,60.00,70.00,30.00,128.27,100.00,-100.00
07/19/2017,22:00,990.01,995.60,987.01,992.77,1412148,0,100.00,56.00,70.00,30.00,127.45,100.00,-100.00
07/20/2017,22:00,997.00,998.68,984.62,992.19,1418385,0,100.00,52.00,70.00,30.00,105.99,100.00,-100.00
07/21/2017,22:00,989.00,995.11,984.17,993.84,1463322,0,96.00,48.00,70.00,30.00,90.33,100.00,-100.00
07/24/2017,22:00,994.10,1006.19,990.27,998.31,3984532,0,100.00,44.00,70.00,30.00,102.42,100.00,-100.00
07/25/2017,22:00,970.70,976.73,963.80,969.03,5933602,0,96.00,40.00,70.00,30.00,-0.40,100.00,-100.00
07/26/2017,22:00,972.78,973.95,960.23,965.31,2221625,0,92.00,36.00,70.00,30.00,-29.36,100.00,-100.00
07/27/2017,22:00,969.18,969.52,937.06,952.51,3717900,0,88.00,32.00,70.00,30.00,-105.73,100.00,-100.00
07/28/2017,22:00,947.99,961.79,945.31,958.33,1813794,0,84.00,28.00,70.00,30.00,-100.86,100.00,-100.00
07/31/2017,22:00,960.00,961.19,941.73,945.50,2293389,0,80.00,24.00,70.00,30.00,-128.95,100.00,-100.00
08/01/2017,22:00,949.44,954.49,944.96,946.56,1332456,0,76.00,20.00,70.00,30.00,-116.59,100.00,-100.00
08/02/2017,22:00,947.79,949.10,932.52,947.64,2039418,0,72.00,16.00,70.00,30.00,-117.20,100.00,-100.00
08/03/2017,22:00,949.10,950.00,939.44,940.30,1123921,0,68.00,12.00,70.00,30.00,-97.55,100.00,-100.00
08/04/2017,22:00,943.95,947.54,939.80,945.79,1254574,0,64.00,8.00,70.00,30.00,-80.44,100.00,-100.00
08/07/2017,22:00,947.52,948.96,943.50,945.75,1445754,0,60.00,4.00,70.00,30.00,-65.02,100.00,-100.00
08/08/2017,22:00,944.29,952.49,942.48,944.19,1505064,0,56.00,4.00,70.00,30.00,-57.26,100.00,-100.00
08/09/2017,22:00,938.45,943.76,933.92,940.08,1400852,0,52.00,4.00,70.00,30.00,-82.70,100.00,-100.00
08/10/2017,22:00,935.00,936.30,921.78,923.59,2707393,0,48.00,100.00,70.00,30.00,-142.29,100.00,-100.00
08/11/2017,22:00,923.71,933.36,921.22,930.09,1616708,0,44.00,100.00,70.00,30.00,-148.49,100.00,-100.00
08/14/2017,22:00,939.07,941.04,934.49,938.93,1150612,0,40.00,96.00,70.00,30.00,-62.07,100.00,-100.00
08/15/2017,22:00,941.03,943.07,936.64,938.08,1106484,0,36.00,92.00,70.00,30.00,-40.49,100.00,-100.00
08/16/2017,22:00,941.70,949.90,940.04,944.27,1345261,0,32.00,88.00,70.00,30.00,27.66,100.00,-100.00
08/17/2017,22:00,942.95,943.81,927.64,927.66,1695694,0,28.00,84.00,70.00,30.00,-91.38,100.00,-100.00
08/18/2017,22:00,926.98,931.02,923.45,926.18,1337404,0,24.00,80.00,70.00,30.00,-135.37,100.00,-100.00
08/21/2017,22:00,925.77,928.25,918.60,920.87,1301243,0,20.00,100.00,70.00,30.00,-141.41,100.00,-100.00
08/22/2017,22:00,926.96,941.96,926.17,940.40,1775099,0,16.00,96.00,70.00,30.00,-6.50,100.00,-100.00
08/23/2017,22:00,937.00,945.43,935.24,942.58,1134464,0,12.00,92.00,70.00,30.00,44.80,100.00,-100.00
08/24/2017,22:00,943.71,946.31,930.74,936.89,1294559,0,8.00,88.00,70.00,30.00,19.05,100.00,-100.00
08/25/2017,22:00,939.21,940.73,930.10,930.50,1187313,0,4.00,84.00,70.00,30.00,-18.09,100.00,-100.00
08/28/2017,22:00,931.88,934.85,926.11,928.13,1049397,0,4.00,80.00,70.00,30.00,-55.21,100.00,-100.00
08/29/2017,22:00,919.95,938.19,919.31,935.75,1158576,0,4.00,76.00,70.00,30.00,-31.95,100.00,-100.00
08/30/2017,22:00,935.67,945.86,934.05,943.63,1120342,0,4.00,72.00,70.00,30.00,84.29,100.00,-100.00
08/31/2017,22:00,946.30,957.20,946.25,955.24,1693313,0,4.00,68.00,70.00,30.00,188.49,100.00,-100.00
09/01/2017,22:00,957.47,958.33,950.28,951.99,1042885,0,4.00,64.00,70.00,30.00,154.32,100.00,-100.00
09/05/2017,22:00,946.86,951.39,935.60,941.48,1460830,0,96.00,60.00,70.00,30.00,47.57,100.00,-100.00
09/06/2017,22:00,943.87,944.50,932.68,942.02,1391529,0,92.00,56.00,70.00,30.00,23.48,100.00,-100.00
09/07/2017,22:00,944.25,950.50,937.53,949.89,1116575,0,88.00,52.00,70.00,30.00,72.85,100.00,-100.00
09/08/2017,22:00,949.70,950.70,940.01,941.41,999916,0,84.00,48.00,70.00,30.00,46.87,100.00,-100.00
09/11/2017,22:00,947.20,952.68,941.00,943.29,1337365,0,80.00,44.00,70.00,30.00,55.34,100.00,-100.00
09/12/2017,22:00,946.92,948.09,937.50,946.65,1284787,0,76.00,40.00,70.00,30.00,30.06,100.00,-100.00
09/13/2017,22:00,945.50,952.85,944.74,950.44,1095382,0,72.00,36.00,70.00,30.00,82.14,100.00,-100.00
09/14/2017,22:00,946.00,948.03,938.36,940.13,1427379,0,68.00,32.00,70.00,30.00,-4.91,100.00,-100.00
09/15/2017,22:00,940.09,941.75,931.25,935.29,1994265,0,64.00,28.00,70.00,30.00,-85.00,100.00,-100.00
09/18/2017,22:00,935.01,936.86,925.40,929.75,1473651,0,60.00,24.00,70.00,30.00,-157.76,100.00,-100.00
09/19/2017,22:00,933.41,937.94,926.66,936.86,1242726,0,56.00,20.00,70.00,30.00,-124.15,100.00,-100.00
09/20/2017,22:00,937.73,950.00,937.50,947.54,2004018,0,52.00,16.00,70.00,30.00,23.62,100.00,-100.00
09/21/2017,22:00,948.13,952.80,939.38,947.55,1370685,0,48.00,12.00,70.00,30.00,55.38,100.00,-100.00
09/22/2017,22:00,942.77,950.00,940.84,943.26,1074806,0,44.00,8.00,70.00,30.00,41.09,100.00,-100.00
09/25/2017,22:00,939.45,939.75,924.51,934.28,1873375,0,40.00,4.00,70.00,30.00,-117.69,100.00,-100.00
09/26/2017,22:00,936.69,944.08,935.12,937.43,1672749,0,36.00,24.00,70.00,30.00,-34.11,100.00,-100.00
09/27/2017,22:00,942.74,965.43,941.95,959.90,2334635,0,100.00,20.00,70.00,30.00,166.30,100.00,-100.00
09/28/2017,22:00,956.25,966.18,955.55,964.81,1400931,0,100.00,16.00,70.00,30.00,190.38,100.00,-100.00
09/29/2017,22:00,966.00,975.81,966.00,973.72,2031092,0,100.00,12.00,70.00,30.00,209.07,100.00,-100.00
10/02/2017,22:00,975.65,977.74,961.95,967.47,1539122,0,100.00,8.00,70.00,30.00,140.85,100.00,-100.00
10/03/2017,22:00,967.56,972.44,962.71,972.08,1083948,0,96.00,4.00,70.00,30.00,112.40,100.00,-100.00
10/04/2017,22:00,971.76,974.40,965.61,966.78,1057769,0,92.00,72.00,70.00,30.00,91.55,100.00,-100.00
10/05/2017,22:00,972.79,986.51,970.27,985.19,1780946,0,100.00,68.00,70.00,30.00,123.32,100.00,-100.00
10/06/2017,22:00,980.00,994.26,978.51,993.64,1553033,0,100.00,64.00,70.00,30.00,136.22,100.00,-100.00
10/09/2017,22:00,995.00,1000.46,991.50,992.31,1295467,0,100.00,60.00,70.00,30.00,140.32,100.00,-100.00
10/10/2017,22:00,995.30,997.47,981.11,987.80,1163400,0,96.00,56.00,70.00,30.00,99.82,100.00,-100.00
10/11/2017,22:00,989.04,1007.57,987.94,1005.65,1814999,0,100.00,52.00,70.00,30.00,131.77,100.00,-100.00
10/12/2017,22:00,1003.84,1011.54,1001.10,1005.65,1530664,0,100.00,48.00,70.00,30.00,128.21,100.00,-100.00
10/13/2017,22:00,1009.11,1014.76,1007.06,1007.87,1327632,0,100.00,44.00,70.00,30.00,123.66,100.00,-100.00
10/16/2017,22:00,1009.63,1012.00,1001.52,1009.35,1071023,0,96.00,40.00,70.00,30.00,101.40,100.00,-100.00
10/17/2017,22:00,1007.44,1014.56,1006.05,1011.00,1012998,0,92.00,36.00,70.00,30.00,101.41,100.00,-100.00
10/18/2017,22:00,1011.05,1016.31,1005.32,1012.74,1279780,0,100.00,32.00,70.00,30.00,92.50,100.00,-100.00
10/19/2017,22:00,1004.75,1007.32,997.30,1001.84,1714243,0,96.00,28.00,70.00,30.00,42.62,100.00,-100.00
10/20/2017,22:00,1007.05,1008.65,1002.27,1005.07,1606031,0,92.00,24.00,70.00,30.00,50.91,100.00,-100.00
10/23/2017,22:00,1005.18,1005.79,983.10,985.54,1639294,0,88.00,20.00,70.00,30.00,-39.70,100.00,-100.00
10/24/2017,22:00,986.50,989.26,977.08,988.49,1445129,0,84.00,16.00,70.00,30.00,-102.09,100.00,-100.00
10/25/2017,22:00,986.27,994.43,977.72,991.46,1528710,0,80.00,12.00,70.00,30.00,-90.17,100.00,-100.00
10/26/2017,22:00,998.47,1006.51,990.47,991.42,2369838,0,76.00,8.00,70.00,30.00,-31.30,100.00,-100.00
10/27/2017,22:00,1030.99,1063.62,1026.85,1033.67,5184143,0,100.00,4.00,70.00,30.00,253.86,100.00,-100.00
10/30/2017,22:00,1029.16,1039.83,1022.33,1033.13,2340172,0,96.00,4.00,70.00,30.00,158.21,100.00,-100.00
10/31/2017,22:00,1033.00,1041.00,1026.30,1033.04,1516278,0,92.00,4.00,70.00,30.00,133.38,100.00,-100.00
11/01/2017,22:00,1036.31,1047.86,1034.00,1042.60,2163073,0,88.00,4.00,70.00,30.00,136.32,100.00,-100.00
11/02/2017,22:00,1039.99,1045.52,1028.66,1042.97,1334697,0,84.00,8.00,70.00,30.00,99.59,100.00,-100.00
11/03/2017,22:00,1042.75,1050.66,1037.65,1049.99,1388461,0,80.00,4.00,70.00,30.00,102.29,100.00,-100.00
11/06/2017,22:00,1049.10,1052.59,1042.00,1042.68,914748,0,76.00,4.00,70.00,30.00,85.05,100.00,-100.00
11/07/2017,22:00,1049.65,1053.41,1043.00,1052.39,1305229,0,72.00,4.00,70.00,30.00,83.34,100.00,-100.00
11/08/2017,22:00,1050.05,1062.69,1047.05,1058.29,1214600,0,68.00,4.00,70.00,30.00,90.73,100.00,-100.00
11/09/2017,22:00,1048.00,1050.88,1035.85,1047.72,1794575,0,64.00,52.00,70.00,30.00,52.47,100.00,-100.00
11/10/2017,22:00,1043.87,1046.63,1041.22,1044.15,972127,0,60.00,48.00,70.00,30.00,45.99,100.00,-100.00
11/13/2017,22:00,1040.80,1048.74,1039.26,1041.20,940721,0,56.00,44.00,70.00,30.00,36.42,100.00,-100.00
11/14/2017,22:00,1037.72,1042.30,1029.33,1041.64,1050566,0,52.00,40.00,70.00,30.00,-12.43,100.00,-100.00
11/15/2017,22:00,1035.00,1039.63,1030.76,1036.41,905262,0,48.00,36.00,70.00,30.00,-88.51,100.00,-100.00
11/16/2017,22:00,1038.75,1051.76,1038.00,1048.47,1188392,0,44.00,32.00,70.00,30.00,47.20,100.00,-100.00
11/17/2017,22:00,1049.80,1051.00,1033.73,1035.89,1335610,0,40.00,28.00,70.00,30.00,-43.27,100.00,-100.00
11/20/2017,22:00,1036.00,1038.69,1032.68,1034.66,876321,0,36.00,24.00,70.00,30.00,-122.60,100.00,-100.00
11/21/2017,22:00,1040.04,1050.39,1039.14,1050.30,1110341,0,32.00,20.00,70.00,30.00,46.65,100.00,-100.00
11/22/2017,22:00,1051.16,1055.43,1047.25,1051.92,726898,0,28.00,16.00,70.00,30.00,107.12,100.00,-100.00
11/24/2017,22:00,1054.39,1060.07,1051.92,1056.52,825369,0,24.00,12.00,70.00,30.00,144.51,100.00,-100.00
11/27/2017,22:00,1058.57,1073.04,1054.77,1072.01,1771491,0,100.00,8.00,70.00,30.00,199.79,100.00,-100.00
11/28/2017,22:00,1073.99,1080.00,1054.54,1063.29,1821171,0,100.00,4.00,70.00,30.00,148.04,100.00,-100.00
11/29/2017,22:00,1056.18,1058.77,1029.65,1037.38,2793332,0,96.00,4.00,70.00,30.00,-43.21,100.00,-100.00
11/30/2017,22:00,1039.94,1044.14,1030.07,1036.17,2254590,0,92.00,4.00,70.00,30.00,-79.51,100.00,-100.00
12/01/2017,22:00,1030.41,1037.25,1016.90,1025.07,1888081,0,88.00,100.00,70.00,30.00,-137.93,100.00,-100.00
12/04/2017,22:00,1027.80,1031.34,1009.22,1011.87,1938861,0,84.00,100.00,70.00,30.00,-162.31,100.00,-100.00
12/05/2017,22:00,1010.99,1036.68,1002.32,1019.60,1949865,0,80.00,100.00,70.00,30.00,-127.52,100.00,-100.00
12/06/2017,22:00,1016.52,1039.58,1015.31,1032.72,1435549,0,76.00,96.00,70.00,30.00,-67.09,100.00,-100.00
12/07/2017,22:00,1036.07,1048.92,1035.36,1044.57,1543285,0,72.00,92.00,70.00,30.00,9.83,100.00,-100.00
12/08/2017,22:00,1051.81,1056.42,1045.86,1049.38,1558472,0,68.00,88.00,70.00,30.00,46.33,100.00,-100.00
12/11/2017,22:00,1051.11,1056.00,1044.12,1051.97,1162694,0,64.00,84.00,70.00,30.00,41.17,100.00,-100.00
12/12/2017,22:00,1050.00,1062.50,1044.87,1048.77,1694061,0,60.00,80.00,70.00,30.00,44.93,100.00,-100.00
12/13/2017,22:00,1052.08,1055.48,1046.58,1051.39,1384038,0,56.00,76.00,70.00,30.00,40.49,100.00,-100.00
12/14/2017,22:00,1055.49,1067.08,1053.60,1057.47,1548139,0,52.00,72.00,70.00,30.00,80.80,100.00,-100.00
12/15/2017,22:00,1063.78,1075.25,1060.09,1072.00,3187985,0,48.00,68.00,70.00,30.00,128.00,100.00,-100.00
12/18/2017,22:00,1076.45,1086.49,1070.37,1085.09,1514601,0,100.00,64.00,70.00,30.00,167.66,100.00,-100.00
12/19/2017,22:00,1083.02,1084.98,1072.27,1079.78,1317519,0,96.00,60.00,70.00,30.00,130.58,100.00,-100.00
12/20/2017,22:00,1080.92,1081.24,1068.60,1073.56,1436391,0,92.00,56.00,70.00,30.00,98.20,100.00,-100.00
12/21/2017,22:00,1075.39,1077.52,1069.00,1070.85,1282025,0,88.00,52.00,70.00,30.00,77.55,100.00,-100.00
12/22/2017,22:00,1070.00,1071.72,1067.64,1068.86,889446,0,84.00,48.00,70.00,30.00,54.74,100.00,-100.00
12/26/2017,22:00,1068.64,1068.86,1058.64,1065.85,918767,0,80.00,44.00,70.00,30.00,21.80,100.00,-100.00
12/27/2017,22:00,1066.60,1068.27,1058.38,1060.20,1116203,0,76.00,40.00,70.00,30.00,-3.16,100.00,-100.00
12/28/2017,22:00,1062.25,1064.84,1053.38,1055.95,994249,0,72.00,36.00,70.00,30.00,-43.03,100.00,-100.00
12/29/2017,22:00,1055.49,1058.05,1052.70,1053.40,1180340,0,68.00,32.00,70.00,30.00,-72.51,100.00,-100.00
01/02/2018,22:00,1058.22,1075.98,1053.02,1073.21,1588268,0,64.00,28.00,70.00,30.00,17.54,100.00,-100.00
01/03/2018,22:00,1073.93,1096.10,1073.43,1091.52,1565945,0,100.00,24.00,70.00,30.00,156.19,100.00,-100.00
01/04/2018,22:00,1097.09,1104.08,1094.26,1095.76,1302569,0,100.00,20.00,70.00,30.00,194.07,100.00,-100.00
01/05/2018,22:00,1103.45,1113.58,1101.80,1110.29,1512526,0,100.00,16.00,70.00,30.00,197.99,100.00,-100.00
01/08/2018,22:00,1111.00,1119.16,1110.00,1114.21,1232221,0,100.00,12.00,70.00,30.00,170.19,100.00,-100.00
01/09/2018,22:00,1118.44,1118.44,1108.20,1112.79,1340381,0,96.00,8.00,70.00,30.00,127.96,100.00,-100.00
01/10/2018,22:00,1107.00,1112.78,1103.98,1110.14,1036655,0,92.00,4.00,70.00,30.00,91.30,100.00,-100.00
01/11/2018,22:00,1112.31,1114.85,1106.48,1112.05,1121216,0,88.00,4.00,70.00,30.00,83.34,100.00,-100.00
01/12/2018,22:00,1110.10,1131.30,1108.01,1130.65,1929306,0,100.00,4.00,70.00,30.00,103.00,100.00,-100.00
01/16/2018,22:00,1140.31,1148.88,1126.66,1130.70,1823100,0,100.00,8.00,70.00,30.00,118.11,100.00,-100.00
01/17/2018,22:00,1136.36,1139.32,1123.49,1139.10,1391510,0,96.00,4.00,70.00,30.00,102.44,100.00,-100.00
01/18/2018,22:00,1139.35,1140.59,1124.47,1135.97,1374873,0,92.00,4.00,70.00,30.00,92.98,100.00,-100.00
01/19/2018,22:00,1138.03,1143.78,1132.50,1143.50,1527554,0,88.00,4.00,70.00,30.00,109.30,100.00,-100.00
01/22/2018,22:00,1143.82,1166.88,1141.82,1164.16,1477520,0,100.00,44.00,70.00,30.00,154.03,100.00,-100.00
01/23/2018,22:00,1170.62,1178.51,1167.25,1176.17,1956865,0,100.00,40.00,70.00,30.00,179.67,100.00,-100.00
01/24/2018,22:00,1184.98,1187.05,1167.40,1171.29,1856429,0,100.00,36.00,70.00,30.00,153.31,100.00,-100.00
01/25/2018,22:00,1180.71,1185.00,1171.84,1182.14,1499247,0,96.00,32.00,70.00,30.00,139.72,100.00,-100.00
01/26/2018,22:00,1187.53,1187.56,1168.03,1187.56,2108502,0,100.00,28.00,70.00,30.00,115.34,100.00,-100.00
01/29/2018,22:00,1188.00,1198.00,1184.06,1186.48,1574708,0,100.00,24.00,70.00,30.00,113.21,100.00,-100.00
01/30/2018,22:00,1177.72,1187.93,1174.51,1177.37,1866883,0,96.00,20.00,70.00,30.00,75.24,100.00,-100.00
01/31/2018,22:00,1183.81,1186.32,1172.10,1182.22,1801135,0,92.00,16.00,70.00,30.00,67.09,100.00,-100.00
02/01/2018,22:00,1175.99,1187.45,1169.36,1181.59,3675709,0,88.00,12.00,70.00,30.00,57.00,100.00,-100.00
02/02/2018,22:00,1127.42,1131.30,1111.17,1119.20,5892122,0,84.00,8.00,70.00,30.00,-129.36,100.00,-100.00
02/05/2018,22:00,1100.61,1114.99,1056.74,1062.39,4177469,0,80.00,4.00,70.00,30.00,-204.97,100.00,-100.00
02/06/2018,22:00,1033.98,1087.38,1030.01,1084.43,3831524,0,76.00,100.00,70.00,30.00,-178.17,100.00,-100.00
02/07/2018,22:00,1084.97,1086.53,1054.62,1055.41,2597094,0,72.00,96.00,70.00,30.00,-143.52,100.00,-100.00
02/08/2018,22:00,1059.87,1063.93,1004.70,1007.71,3339601,0,68.00,100.00,70.00,30.00,-156.20,100.00,-100.00
02/09/2018,22:00,1025.88,1051.72,997.00,1046.27,4917970,0,64.00,100.00,70.00,30.00,-116.89,100.00,-100.00
02/12/2018,22:00,1056.67,1065.57,1045.49,1054.56,2812011,0,60.00,96.00,70.00,30.00,-75.96,100.00,-100.00
02/13/2018,22:00,1050.00,1061.22,1046.92,1054.14,1579258,0,56.00,92.00,70.00,30.00,-66.44,100.00,-100.00
02/14/2018,22:00,1054.32,1075.47,1049.80,1072.70,2065202,0,52.00,88.00,70.00,30.00,-45.95,100.00,-100.00
02/15/2018,22:00,1083.45,1094.10,1067.23,1091.36,1869763,0,48.00,84.00,70.00,30.00,-18.44,100.00,-100.00
02/16/2018,22:00,1093.38,1108.31,1091.55,1095.50,1997405,0,44.00,80.00,70.00,30.00,10.27,100.00,-100.00
02/20/2018,22:00,1092.76,1116.29,1090.00,1103.59,1687656,0,40.00,76.00,70.00,30.00,31.55,100.00,-100.00
02/21/2018,22:00,1109.10,1136.20,1107.51,1113.75,2074321,0,36.00,72.00,70.00,30.00,81.34,100.00,-100.00
02/22/2018,22:00,1119.17,1125.46,1105.15,1109.90,1400536,0,32.00,68.00,70.00,30.00,95.94,100.00,-100.00
02/23/2018,22:00,1118.66,1129.00,1108.44,1128.09,1264638,0,28.00,64.00,70.00,30.00,117.38,100.00,-100.00
02/26/2018,22:00,1131.86,1144.20,1129.34,1143.70,1545619,0,24.00,60.00,70.00,30.00,129.09,100.00,-100.00
02/27/2018,22:00,1143.70,1144.25,1116.79,1117.51,2148159,0,20.00,56.00,70.00,30.00,85.41,100.00,-100.00
02/28/2018,22:00,1122.00,1127.65,1103.00,1103.92,2464619,0,16.00,52.00,70.00,30.00,47.45,100.00,-100.00
03/01/2018,22:00,1109.54,1111.27,1067.29,1071.41,2766856,0,12.00,48.00,70.00,30.00,-25.29,100.00,-100.00
03/02/2018,22:00,1057.98,1086.89,1050.11,1084.14,2508145,0,8.00,44.00,70.00,30.00,-65.42,100.00,-100.00
03/05/2018,22:00,1078.13,1101.18,1072.27,1094.76,1432369,0,4.00,40.00,70.00,30.00,-30.87,100.00,-100.00
03/06/2018,22:00,1102.10,1105.63,1094.50,1100.90,1169068,0,4.00,36.00,70.00,30.00,-7.03,100.00,-100.00
03/07/2018,22:00,1092.82,1116.20,1089.91,1115.04,1537429,0,8.00,32.00,70.00,30.00,8.95,100.00,-100.00
03/08/2018,22:00,1117.20,1131.44,1117.20,1129.38,1693133,0,4.00,28.00,70.00,30.00,83.03,100.00,-100.00
03/09/2018,22:00,1139.50,1161.00,1134.29,1160.84,2133087,0,100.00,24.00,70.00,30.00,163.53,100.00,-100.00
03/12/2018,22:00,1165.05,1178.16,1159.20,1165.93,2215304,0,100.00,20.00,70.00,30.00,175.14,100.00,-100.00
03/13/2018,22:00,1171.83,1178.00,1134.57,1139.91,2156999,0,96.00,16.00,70.00,30.00,98.17,100.00,-100.00
03/14/2018,22:00,1145.80,1159.76,1142.35,1148.89,2093482,0,92.00,12.00,70.00,30.00,82.88,100.00,-100.00
03/15/2018,22:00,1149.57,1162.50,1135.66,1150.61,1669094,0,88.00,8.00,70.00,30.00,69.97,100.00,-100.00
03/16/2018,22:00,1155.35,1156.81,1131.36,1134.42,2932759,0,84.00,4.00,70.00,30.00,46.14,100.00,-100.00
03/19/2018,22:00,1117.76,1119.37,1088.92,1100.07,3182796,0,80.00,4.00,70.00,30.00,-48.12,100.00,-100.00
03/20/2018,22:00,1098.40,1105.55,1082.42,1095.80,2729857,0,76.00,4.00,70.00,30.00,-62.90,100.00,-100.00
03/21/2018,22:00,1092.57,1108.70,1087.21,1094.00,2244865,0,72.00,4.00,70.00,30.00,-62.40,100.00,-100.00
03/22/2018,22:00,1080.01,1083.92,1049.64,1053.15,3465608,0,68.00,100.00,70.00,30.00,-142.07,100.00,-100.00
03/23/2018,22:00,1051.37,1066.78,1024.87,1026.55,2493971,0,64.00,100.00,70.00,30.00,-167.11,100.00,-100.00
03/26/2018,22:00,1050.60,1059.27,1010.58,1054.09,3299151,0,60.00,100.00,70.00,30.00,-135.53,100.00,-100.00
03/27/2018,22:00,1063.90,1064.54,997.62,1006.94,3040809,0,56.00,100.00,70.00,30.00,-135.65,100.00,-100.00
03/28/2018,22:00,1001.91,1024.99,984.00,1005.18,3884943,0,52.00,100.00,70.00,30.00,-133.89,100.00,-100.00
03/29/2018,22:00,1011.21,1048.05,1004.04,1037.14,3466876,0,48.00,96.00,70.00,30.00,-82.85,100.00,-100.00
04/02/2018,22:00,1027.62,1039.53,994.25,1012.63,3253387,0,44.00,92.00,70.00,30.00,-88.09,100.00,-100.00
04/03/2018,22:00,1016.15,1025.00,997.25,1018.68,2566146,0,40.00,88.00,70.00,30.00,-80.18,100.00,-100.00
04/04/2018,22:00,998.23,1032.74,996.51,1029.71,2536198,0,36.00,84.00,70.00,30.00,-64.33,100.00,-100.00
04/05/2018,22:00,1046.39,1046.71,1024.00,1032.64,1791761,0,32.00,80.00,70.00,30.00,-32.74,100.00,-100.00
04/06/2018,22:00,1023.10,1036.00,1006.25,1009.95,2006683,0,28.00,76.00,70.00,30.00,-62.91,100.00,-100.00
04/09/2018,22:00,1020.04,1044.59,1019.20,1020.09,1661012,0,24.00,72.00,70.00,30.00,-28.94,100.00,-100.00
04/10/2018,22:00,1030.26,1041.21,1015.41,1036.50,1836678,0,20.00,68.00,70.00,30.00,-6.65,100.00,-100.00
04/11/2018,22:00,1032.00,1035.87,1019.20,1025.06,1703015,0,16.00,64.00,70.00,30.00,-5.88,100.00,-100.00
04/12/2018,22:00,1031.47,1044.65,1026.05,1037.29,1644794,0,12.00,60.00,70.00,30.00,78.90,100.00,-100.00
04/13/2018,22:00,1046.89,1052.98,1030.15,1036.04,1270461,0,8.00,56.00,70.00,30.00,107.18,100.00,-100.00
04/16/2018,22:00,1045.55,1051.43,1033.92,1046.10,1488822,0,4.00,52.00,70.00,30.00,134.87,100.00,-100.00
04/17/2018,22:00,1061.20,1085.00,1057.09,1079.36,2729197,0,4.00,48.00,70.00,30.00,253.25,100.00,-100.00
04/18/2018,22:00,1079.01,1082.00,1070.52,1075.39,1556298,0,8.00,44.00,70.00,30.00,200.83,100.00,-100.00
04/19/2018,22:00,1069.02,1097.51,1069.02,1089.45,1994247,0,4.00,40.00,70.00,30.00,173.67,100.00,-100.00
04/20/2018,22:00,1084.27,1094.75,1072.10,1077.32,2121692,0,4.00,36.00,70.00,30.00,123.65,100.00,-100.00
04/23/2018,22:00,1082.98,1088.00,1066.68,1073.81,3479496,0,4.00,32.00,70.00,30.00,86.13,100.00,-100.00
04/24/2018,22:00,1059.20,1064.49,1012.86,1022.64,6411038,0,8.00,28.00,70.00,30.00,-48.52,100.00,-100.00
04/25/2018,22:00,1029.75,1036.07,1017.01,1022.99,2893047,0,4.00,24.00,70.00,30.00,-69.98,100.00,-100.00
04/26/2018,22:00,1033.22,1052.02,1020.45,1043.31,2546332,0,80.00,20.00,70.00,30.00,-35.76,100.00,-100.00
04/27/2018,22:00,1045.54,1051.70,1027.59,1031.45,2037263,0,76.00,16.00,70.00,30.00,-44.23,100.00,-100.00
04/30/2018,22:00,1034.42,1038.37,1018.30,1018.58,1724632,0,72.00,12.00,70.00,30.00,-80.71,100.00,-100.00
05/01/2018,22:00,1016.30,1041.73,1010.61,1040.75,1766256,0,68.00,8.00,70.00,30.00,-63.03,100.00,-100.00
05/02/2018,22:00,1034.00,1043.98,1023.16,1026.05,1734872,0,64.00,4.00,70.00,30.00,-61.01,100.00,-100.00
05/03/2018,22:00,1025.37,1030.69,1007.89,1026.30,1964066,0,60.00,8.00,70.00,30.00,-83.72,100.00,-100.00
05/04/2018,22:00,1019.61,1051.88,1018.05,1051.00,1844600,0,56.00,4.00,70.00,30.00,-24.60,100.00,-100.00
05/07/2018,22:00,1053.89,1065.00,1050.27,1059.46,1719971,0,52.00,8.00,70.00,30.00,36.58,100.00,-100.00
05/08/2018,22:00,1064.62,1065.23,1051.64,1058.59,1301524,0,48.00,4.00,70.00,30.00,45.10,100.00,-100.00
05/09/2018,22:00,1064.10,1094.00,1062.11,1088.95,2357979,0,44.00,8.00,70.00,30.00,131.69,100.00,-100.00
05/10/2018,22:00,1095.00,1109.41,1093.88,1105.47,1820676,0,100.00,4.00,70.00,30.00,183.77,100.00,-100.00
05/11/2018,22:00,1100.41,1109.01,1097.22,1103.38,1525218,0,96.00,76.00,70.00,30.00,158.82,100.00,-100.00
05/14/2018,22:00,1105.57,1118.15,1104.80,1106.60,1966893,0,100.00,72.00,70.00,30.00,138.03,100.00,-100.00
05/15/2018,22:00,1096.90,1099.12,1078.78,1084.87,1786926,0,96.00,68.00,70.00,30.00,70.10,100.00,-100.00
05/16/2018,22:00,1085.09,1094.38,1081.63,1084.09,1281406,0,92.00,64.00,70.00,30.00,57.35,100.00,-100.00
05/17/2018,22:00,1081.46,1091.00,1076.42,1081.26,1286907,0,88.00,60.00,70.00,30.00,41.10,100.00,-100.00
05/18/2018,22:00,1066.00,1073.73,1064.68,1069.64,1774149,0,84.00,56.00,70.00,30.00,1.15,100.00,-100.00
05/21/2018,22:00,1079.00,1093.30,1078.00,1084.01,1258999,0,80.00,52.00,70.00,30.00,36.46,100.00,-100.00
05/22/2018,22:00,1089.80,1091.80,1072.26,1075.31,1111299,0,76.00,48.00,70.00,30.00,12.33,100.00,-100.00
05/23/2018,22:00,1070.00,1088.00,1066.96,1085.96,1186998,0,72.00,44.00,70.00,30.00,-0.74,100.00,-100.00
05/24/2018,22:00,1086.90,1087.12,1072.30,1085.45,1030194,0,68.00,40.00,70.00,30.00,-11.13,100.00,-100.00
05/25/2018,22:00,1086.55,1089.57,1082.60,1084.08,1111161,0,64.00,36.00,70.00,30.00,0.48,100.00,-100.00
05/29/2018,22:00,1076.00,1081.34,1063.08,1068.07,1803805,0,60.00,32.00,70.00,30.00,-121.63,100.00,-100.00
05/30/2018,22:00,1073.48,1078.99,1066.55,1077.47,1434282,0,56.00,28.00,70.00,30.00,-85.98,100.00,-100.00
05/31/2018,22:00,1082.00,1110.00,1078.00,1100.00,3968362,0,52.00,24.00,70.00,30.00,87.57,100.00,-100.00
06/01/2018,22:00,1112.87,1138.16,1112.01,1135.00,3160100,0,100.00,20.00,70.00,30.00,261.72,100.00,-100.00
06/04/2018,22:00,1138.50,1157.86,1137.00,1153.04,2237701,0,100.00,16.00,70.00,30.00,266.34,100.00,-100.00
06/05/2018,22:00,1154.66,1161.10,1147.46,1151.02,1648222,0,100.00,12.00,70.00,30.00,184.00,100.00,-100.00
06/06/2018,22:00,1152.77,1154.71,1136.32,1146.95,1746719,0,96.00,8.00,70.00,30.00,121.22,100.00,-100.00
06/07/2018,22:00,1144.58,1145.87,1126.12,1134.42,1805388,0,92.00,4.00,70.00,30.00,76.99,100.00,-100.00
06/08/2018,22:00,1131.21,1138.78,1123.23,1132.71,1364226,0,88.00,4.00,70.00,30.00,56.82,100.00,-100.00
06/11/2018,22:00,1132.94,1147.74,1131.40,1140.90,1239770,0,84.00,4.00,70.00,30.00,65.43,100.00,-100.00
06/12/2018,22:00,1141.02,1148.75,1141.02,1148.19,1304612,0,80.00,4.00,70.00,30.00,69.13,100.00,-100.00
06/13/2018,22:00,1152.28,1155.64,1143.38,1144.23,1715074,0,76.00,4.00,70.00,30.00,65.78,100.00,-100.00
06/14/2018,22:00,1152.21,1165.99,1150.60,1160.11,1771120,0,100.00,52.00,70.00,30.00,86.82,100.00,-100.00
06/15/2018,22:00,1159.92,1163.91,1153.69,1159.27,2221891,0,96.00,48.00,70.00,30.00,83.48,100.00,-100.00
06/18/2018,22:00,1152.69,1184.13,1151.00,1183.58,1651913,0,100.00,44.00,70.00,30.00,126.83,100.00,-100.00
06/19/2018,22:00,1170.11,1182.81,1161.61,1178.69,2364127,0,96.00,40.00,70.00,30.00,138.71,100.00,-100.00
06/20/2018,22:00,1183.30,1201.49,1182.03,1184.07,2584260,0,100.00,36.00,70.00,30.00,183.62,100.00,-100.00
06/21/2018,22:00,1185.51,1190.33,1163.48,1169.44,2248277,0,96.00,32.00,70.00,30.00,92.27,100.00,-100.00
06/22/2018,22:00,1171.50,1175.00,1159.65,1169.29,1711003,0,92.00,28.00,70.00,30.00,52.53,100.00,-100.00
06/25/2018,22:00,1155.00,1155.99,1119.90,1139.28,2884131,0,88.00,24.00,70.00,30.00,-77.03,100.00,-100.00
06/26/2018,22:00,1144.14,1146.87,1129.00,1132.62,1734414,0,84.00,20.00,70.00,30.00,-80.04,100.00,-100.00
06/27/2018,22:00,1136.00,1146.21,1116.70,1116.94,1726866,0,80.00,16.00,70.00,30.00,-113.10,100.00,-100.00
06/28/2018,22:00,1112.39,1134.00,1106.07,1126.78,1486675,0,76.00,12.00,70.00,30.00,-123.01,100.00,-100.00
06/29/2018,22:00,1132.31,1141.36,1127.02,1129.19,1578116,0,72.00,8.00,70.00,30.00,-78.57,100.00,-100.00
07/02/2018,22:00,1115.35,1142.99,1106.60,1142.11,1161040,0,68.00,4.00,70.00,30.00,-76.99,100.00,-100.00
07/03/2018,22:00,1149.42,1149.91,1114.43,1116.28,822394,0,64.00,4.00,70.00,30.00,-78.58,100.00,-100.00
07/05/2018,22:00,1124.60,1144.14,1123.12,1141.29,1429710,0,60.00,4.00,70.00,30.00,-42.09,100.00,-100.00
07/06/2018,22:00,1141.77,1156.20,1137.24,1155.08,1090967,0,56.00,80.00,70.00,30.00,3.66,100.00,-100.00
07/09/2018,22:00,1160.00,1167.93,1157.23,1167.28,1079201,0,52.00,76.00,70.00,30.00,57.43,100.00,-100.00
07/10/2018,22:00,1169.99,1173.50,1162.56,1167.14,1066704,0,48.00,72.00,70.00,30.00,73.81,100.00,-100.00
07/11/2018,22:00,1155.62,1180.44,1155.37,1171.46,1662633,0,44.00,68.00,70.00,30.00,92.12,100.00,-100.00
07/12/2018,22:00,1174.86,1201.99,1173.10,1201.26,2207431,0,100.00,64.00,70.00,30.00,164.38,100.00,-100.00
07/13/2018,22:00,1202.80,1210.44,1195.29,1204.42,1631857,0,100.00,60.00,70.00,30.00,169.27,100.00,-100.00
07/16/2018,22:00,1203.81,1208.71,1193.40,1196.51,1339237,0,96.00,56.00,70.00,30.00,123.63,100.00,-100.00
07/17/2018,22:00,1182.74,1218.76,1182.00,1213.08,2008133,0,100.00,52.00,70.00,30.00,113.35,100.00,-100.00
07/18/2018,22:00,1208.53,1221.59,1204.56,1212.91,1947397,0,100.00,48.00,70.00,30.00,115.42,100.00,-100.00
07/19/2018,22:00,1206.65,1216.48,1197.73,1199.10,1916892,0,96.00,44.00,70.00,30.00,81.65,100.00,-100.00
07/20/2018,22:00,1199.24,1210.77,1196.59,1197.88,1898376,0,92.00,40.00,70.00,30.00,64.31,100.00,-100.00
07/23/2018,22:00,1195.66,1215.10,1192.01,1211.00,3272304,0,88.00,36.00,70.00,30.00,66.16,100.00,-100.00
07/24/2018,22:00,1271.00,1275.00,1244.14,1258.15,5380032,0,100.00,32.00,70.00,30.00,190.79,100.00,-100.00
07/25/2018,22:00,1252.62,1278.24,1249.05,1275.94,2575437,0,100.00,28.00,70.00,30.00,198.60,100.00,-100.00
07/26/2018,22:00,1267.18,1287.40,1263.00,1285.50,2734302,0,100.00,24.00,70.00,30.00,178.58,100.00,-100.00
07/27/2018,22:00,1289.12,1291.44,1244.50,1252.89,2418090,0,100.00,20.00,70.00,30.00,107.09,100.00,-100.00
07/30/2018,22:00,1245.05,1252.89,1224.17,1230.04,2194837,0,96.00,16.00,70.00,30.00,34.02,100.00,-100.00
07/31/2018,22:00,1231.71,1241.21,1216.19,1227.22,1969111,0,92.00,12.00,70.00,30.00,7.01,100.00,-100.00
08/01/2018,22:00,1239.11,1245.90,1224.94,1232.99,1849740,0,88.00,8.00,70.00,30.00,16.89,100.00,-100.00
08/02/2018,22:00,1218.50,1244.41,1218.06,1241.13,1735180,0,84.00,4.00,70.00,30.00,11.11,100.00,-100.00
08/03/2018,22:00,1245.18,1246.52,1229.42,1238.16,1063244,0,80.00,8.00,70.00,30.00,14.70,100.00,-100.00
08/06/2018,22:00,1241.61,1242.46,1230.53,1237.67,1105916,0,76.00,4.00,70.00,30.00,3.84,100.00,-100.00
08/07/2018,22:00,1252.01,1266.08,1251.80,1255.84,2125256,0,72.00,4.00,70.00,30.00,67.15,100.00,-100.00
08/08/2018,22:00,1256.72,1271.72,1252.12,1261.33,1718664,0,68.00,4.00,70.00,30.00,67.12,100.00,-100.00
08/09/2018,22:00,1262.73,1271.96,1260.10,1264.46,1366318,0,64.00,4.00,70.00,30.00,69.45,100.00,-100.00
08/10/2018,22:00,1259.18,1261.20,1247.16,1252.51,1334387,0,60.00,12.00,70.00,30.00,12.04,100.00,-100.00
08/13/2018,22:00,1251.20,1265.97,1247.03,1248.64,1380882,0,56.00,8.00,70.00,30.00,15.37,100.00,-100.00
08/14/2018,22:00,1252.50,1260.59,1239.54,1258.14,1403991,0,52.00,4.00,70.00,30.00,16.19,100.00,-100.00
08/15/2018,22:00,1244.28,1251.98,1226.25,1232.22,1852558,0,48.00,4.00,70.00,30.00,-56.13,100.00,-100.00
08/16/2018,22:00,1241.99,1243.70,1219.63,1224.06,1608799,0,44.00,12.00,70.00,30.00,-88.15,100.00,-100.00
08/17/2018,22:00,1222.04,1226.95,1204.00,1215.85,1654629,0,40.00,8.00,70.00,30.00,-143.29,100.00,-100.00
08/20/2018,22:00,1220.66,1225.91,1208.70,1221.95,1111173,0,36.00,4.00,70.00,30.00,-117.32,100.00,-100.00
08/21/2018,22:00,1223.02,1232.76,1215.03,1217.41,1154093,0,32.00,16.00,70.00,30.00,-92.65,100.00,-100.00
08/22/2018,22:00,1214.22,1226.53,1213.22,1221.75,1114832,0,28.00,12.00,70.00,30.00,-88.33,100.00,-100.00
08/23/2018,22:00,1219.88,1235.17,1219.35,1221.16,1233347,0,24.00,8.00,70.00,30.00,-59.89,100.00,-100.00
08/24/2018,22:00,1226.00,1237.40,1221.42,1236.75,1222653,0,20.00,4.00,70.00,30.00,-29.56,100.00,-100.00
08/27/2018,22:00,1244.14,1257.87,1240.68,1256.27,1428992,0,16.00,76.00,70.00,30.00,56.60,100.00,-100.00
08/28/2018,22:00,1255.90,1256.56,1242.97,1245.86,1366516,0,12.00,72.00,70.00,30.00,50.67,100.00,-100.00
08/29/2018,22:00,1255.00,1267.17,1252.80,1264.65,1846615,0,8.00,68.00,70.00,30.00,115.25,100.00,-100.00
08/30/2018,22:00,1263.40,1269.49,1247.21,1254.44,1505219,0,4.00,64.00,70.00,30.00,90.95,100.00,-100.00
08/31/2018,22:00,1252.21,1252.55,1225.75,1231.80,2115424,0,36.00,60.00,70.00,30.00,2.19,100.00,-100.00
09/04/2018,22:00,1222.52,1227.87,1206.56,1211.31,2072869,0,32.00,56.00,70.00,30.00,-94.50,100.00,-100.00
09/05/2018,22:00,1209.22,1214.87,1175.34,1199.10,2699394,0,28.00,100.00,70.00,30.00,-155.35,100.00,-100.00
09/06/2018,22:00,1198.57,1198.99,1163.61,1183.99,2342722,0,24.00,100.00,70.00,30.00,-171.25,100.00,-100.00
09/07/2018,22:00,1172.00,1188.55,1169.27,1177.59,1633190,0,20.00,96.00,70.00,30.00,-154.67,100.00,-100.00
09/10/2018,22:00,1184.20,1186.66,1170.61,1175.06,1383938,0,16.00,92.00,70.00,30.00,-129.05,100.00,-100.00
09/11/2018,22:00,1171.10,1190.94,1165.95,1189.99,1462688,0,12.00,88.00,70.00,30.00,-94.20,100.00,-100.00
09/12/2018,22:00,1182.00,1190.69,1166.16,1171.60,1785833,0,8.00,84.00,70.00,30.00,-91.47,100.00,-100.00
09/13/2018,22:00,1179.70,1187.86,1169.22,1182.14,2003418,0,4.00,80.00,70.00,30.00,-71.18,100.00,-100.00
09/14/2018,22:00,1188.00,1188.00,1173.52,1177.98,1208767,0,60.00,76.00,70.00,30.00,-62.05,100.00,-100.00
09/17/2018,22:00,1177.77,1181.82,1158.46,1159.83,1704790,0,56.00,100.00,70.00,30.00,-81.89,100.00,-100.00
09/18/2018,22:00,1162.66,1181.33,1161.43,1167.11,1615701,0,52.00,96.00,70.00,30.00,-69.65,100.00,-100.00
09/19/2018,22:00,1168.96,1176.27,1158.62,1174.27,1298084,0,48.00,92.00,70.00,30.00,-67.95,100.00,-100.00
09/20/2018,22:00,1180.67,1194.00,1176.25,1191.57,1462455,0,44.00,88.00,70.00,30.00,8.45,100.00,-100.00
09/21/2018,22:00,1194.92,1196.58,1172.06,1172.12,4561119,0,40.00,84.00,70.00,30.00,-10.88,100.00,-100.00
09/24/2018,22:00,1159.41,1185.19,1151.50,1179.56,1557479,0,36.00,100.00,70.00,30.00,-76.89,100.00,-100.00
09/25/2018,22:00,1184.25,1196.86,1174.09,1193.89,1657809,0,32.00,96.00,70.00,30.00,137.59,100.00,-100.00
09/26/2018,22:00,1193.69,1207.24,1185.40,1194.06,1882524,0,28.00,92.00,70.00,30.00,188.74,100.00,-100.00
09/27/2018,22:00,1200.00,1216.86,1198.05,1207.36,1813652,0,24.00,88.00,70.00,30.00,219.80,100.00,-100.00
09/28/2018,22:00,1204.09,1208.45,1197.83,1207.08,1780759,0,20.00,84.00,70.00,30.00,146.60,100.00,-100.00
10/01/2018,22:00,1213.00,1224.20,1203.19,1208.53,1659364,0,16.00,80.00,70.00,30.00,147.93,100.00,-100.00
10/02/2018,22:00,1206.67,1224.52,1199.66,1207.64,2008956,0,12.00,76.00,70.00,30.00,115.37,100.00,-100.00
10/03/2018,22:00,1212.00,1214.18,1202.15,1211.53,1312686,0,8.00,72.00,70.00,30.00,90.27,100.00,-100.00
10/04/2018,22:00,1205.03,1205.90,1163.85,1177.07,2328778,0,4.00,68.00,70.00,30.00,-34.30,100.00,-100.00
10/05/2018,22:00,1176.00,1182.00,1154.32,1167.83,1593012,0,4.00,64.00,70.00,30.00,-100.98,100.00,-100.00
10/08/2018,22:00,1160.00,1175.86,1135.40,1155.92,2309539,0,4.00,100.00,70.00,30.00,-144.70,100.00,-100.00
10/09/2018,22:00,1151.31,1161.55,1144.17,1145.17,1684728,0,80.00,96.00,70.00,30.00,-149.49,100.00,-100.00
10/10/2018,22:00,1136.40,1137.02,1091.51,1092.16,2949006,0,76.00,100.00,70.00,30.00,-222.75,100.00,-100.00
10/11/2018,22:00,1079.04,1116.06,1075.89,1090.74,3384775,0,72.00,100.00,70.00,30.00,-184.33,100.00,-100.00
10/12/2018,22:00,1119.64,1125.83,1095.03,1120.54,2468920,0,68.00,96.00,70.00,30.00,-112.33,100.00,-100.00
10/15/2018,22:00,1118.00,1121.80,1098.22,1102.44,1503956,0,64.00,92.00,70.00,30.00,-102.29,100.00,-100.00
10/16/2018,22:00,1113.48,1136.37,1111.75,1133.08,1918879,0,60.00,88.00,70.00,30.00,-58.26,100.00,-100.00
10/17/2018,22:00,1140.00,1147.00,1114.00,1127.59,1782614,0,56.00,84.00,70.00,30.00,-46.55,100.00,-100.00
10/18/2018,22:00,1130.00,1132.35,1086.34,1097.91,2307596,0,52.00,80.00,70.00,30.00,-78.79,100.00,-100.00
10/19/2018,22:00,1103.71,1120.95,1097.03,1105.18,2064289,0,48.00,76.00,70.00,30.00,-65.98,100.00,-100.00
10/22/2018,22:00,1112.51,1121.69,1100.00,1111.37,1355842,0,44.00,72.00,70.00,30.00,-52.93,100.00,-100.00
10/23/2018,22:00,1091.29,1118.00,1079.01,1114.91,1884255,0,40.00,68.00,70.00,30.00,-65.34,100.00,-100.00
10/24/2018,22:00,1115.00,1116.62,1055.06,1057.12,2464295,0,36.00,100.00,70.00,30.00,-141.79,100.00,-100.00
10/25/2018,22:00,1080.30,1117.82,1075.55,1103.59,3647814,0,32.00,96.00,70.00,30.00,-61.94,100.00,-100.00
10/26/2018,22:00,1048.33,1117.00,1042.23,1083.75,5321883,0,28.00,100.00,70.00,30.00,-139.05,100.00,-100.00
10/29/2018,22:00,1096.54,1108.83,1007.20,1034.73,4064452,0,24.00,100.00,70.00,30.00,-227.23,100.00,-100.00
10/30/2018,22:00,1020.01,1050.90,1013.97,1049.51,2988418,0,20.00,96.00,70.00,30.00,-192.48,100.00,-100.00
10/31/2018,22:00,1068.20,1108.00,1068.20,1090.58,3545821,0,16.00,92.00,70.00,30.00,-21.94,100.00,-100.00
11/01/2018,22:00,1091.40,1099.90,1077.82,1085.98,2006575,0,12.00,88.00,70.00,30.00,-19.72,100.00,-100.00
11/02/2018,22:00,1089.00,1098.00,1067.66,1071.49,2172215,0,8.00,84.00,70.00,30.00,-42.19,100.00,-100.00
11/05/2018,22:00,1072.53,1073.35,1034.00,1055.73,2267870,0,4.00,80.00,70.00,30.00,-107.02,100.00,-100.00
11/06/2018,22:00,1055.02,1079.82,1053.61,1069.57,1433013,0,4.00,76.00,70.00,30.00,-52.70,100.00,-100.00
11/07/2018,22:00,1083.49,1109.93,1080.59,1108.24,2169392,0,4.00,72.00,70.00,30.00,66.13,100.00,-100.00
11/08/2018,22:00,1107.30,1108.22,1084.36,1094.63,1685193,0,4.00,68.00,70.00,30.00,57.73,100.00,-100.00
11/09/2018,22:00,1084.02,1088.35,1064.26,1077.02,1743298,0,4.00,64.00,70.00,30.00,-8.30,100.00,-100.00
11/12/2018,22:00,1073.13,1074.10,1040.35,1049.36,1700091,0,4.00,60.00,70.00,30.00,-86.52,100.00,-100.00
11/13/2018,22:00,1054.81,1066.67,1040.40,1047.97,1287475,0,24.00,56.00,70.00,30.00,-81.98,100.00,-100.00
11/14/2018,22:00,1060.00,1065.79,1041.11,1054.58,1733302,0,20.00,52.00,70.00,30.00,-63.16,100.00,-100.00
11/15/2018,22:00,1051.46,1078.87,1041.29,1071.05,2079154,0,16.00,48.00,70.00,30.00,-20.12,100.00,-100.00
11/16/2018,22:00,1065.23,1072.44,1054.90,1068.27,1768308,0,12.00,44.00,70.00,30.00,-19.59,100.00,-100.00
11/19/2018,22:00,1063.39,1068.00,1022.87,1027.42,2284191,0,8.00,40.00,70.00,30.00,-130.95,100.00,-100.00
11/20/2018,22:00,1007.29,1037.35,1002.21,1030.45,2722934,0,4.00,100.00,70.00,30.00,-169.31,100.00,-100.00
11/21/2018,22:00,1045.31,1054.71,1039.46,1043.43,1485172,0,4.00,96.00,70.00,30.00,-67.88,100.00,-100.00
11/23/2018,22:00,1033.50,1043.00,1028.52,1030.10,708859,0,8.00,92.00,70.00,30.00,-102.06,100.00,-100.00
11/26/2018,22:00,1044.00,1057.00,1039.77,1055.94,1577941,0,4.00,88.00,70.00,30.00,-31.37,100.00,-100.00
11/27/2018,22:00,1051.34,1066.76,1045.50,1052.28,1652433,0,4.00,84.00,70.00,30.00,-12.32,100.00,-100.00
11/28/2018,22:00,1057.46,1092.86,1042.95,1091.79,2302121,0,8.00,80.00,70.00,30.00,95.50,100.00,-100.00
11/29/2018,22:00,1083.53,1100.15,1082.00,1094.58,1550523,0,4.00,76.00,70.00,30.00,180.04,100.00,-100.00
11/30/2018,22:00,1095.63,1109.65,1083.18,1109.65,2983340,0,4.00,72.00,70.00,30.00,183.55,100.00,-100.00
12/03/2018,22:00,1132.16,1135.00,1111.73,1116.36,2876449,0,100.00,68.00,70.00,30.00,189.03,100.00,-100.00
12/04/2018,22:00,1112.99,1114.24,1060.78,1062.47,2281485,0,96.00,64.00,70.00,30.00,46.70,100.00,-100.00
12/06/2018,22:00,1045.00,1079.42,1042.48,1078.08,2371825,0,92.00,60.00,70.00,30.00,4.67,100.00,-100.00
12/07/2018,22:00,1072.23,1085.03,1039.37,1046.58,2134111,0,88.00,56.00,70.00,30.00,-24.42,100.00,-100.00
12/10/2018,22:00,1042.94,1059.60,1033.00,1053.18,1682646,0,84.00,52.00,70.00,30.00,-45.16,100.00,-100.00
12/11/2018,22:00,1066.94,1070.40,1050.10,1061.65,1692576,0,80.00,48.00,70.00,30.00,-13.96,100.00,-100.00
12/12/2018,22:00,1077.08,1091.73,1071.97,1073.73,1447973,0,76.00,44.00,70.00,30.00,35.15,100.00,-100.00
12/13/2018,22:00,1075.67,1088.42,1064.99,1073.54,1249403,0,72.00,40.00,70.00,30.00,16.60,100.00,-100.00
12/14/2018,22:00,1060.02,1071.72,1049.37,1051.71,1817949,0,68.00,36.00,70.00,30.00,-62.63,100.00,-100.00
12/17/2018,22:00,1047.01,1062.38,1016.63,1025.65,2496551,0,64.00,32.00,70.00,30.00,-141.15,100.00,-100.00
12/18/2018,22:00,1034.00,1059.69,1030.48,1043.41,2182019,0,60.00,28.00,70.00,30.00,-97.27,100.00,-100.00
12/19/2018,22:00,1047.29,1075.71,1019.43,1035.46,2913237,0,56.00,24.00,70.00,30.00,-86.33,100.00,-100.00
12/20/2018,22:00,1026.00,1047.44,1007.86,1023.58,2683670,0,52.00,20.00,70.00,30.00,-126.83,100.00,-100.00
12/21/2018,22:00,1032.04,1037.67,981.19,991.25,5232490,0,48.00,100.00,70.00,30.00,-177.68,100.00,-100.00
12/24/2018,22:00,984.32,1012.12,977.66,984.67,1817955,0,44.00,100.00,70.00,30.00,-184.35,100.00,-100.00
12/26/2018,22:00,997.99,1048.45,992.65,1047.85,2315862,0,40.00,96.00,70.00,30.00,-49.96,100.00,-100.00
12/27/2018,22:00,1026.20,1053.34,1007.00,1052.90,2299806,0,36.00,92.00,70.00,30.00,-15.89,100.00,-100.00
12/28/2018,22:00,1059.50,1064.23,1042.00,1046.68,1718352,0,32.00,88.00,70.00,30.00,33.99,100.00,-100.00
12/31/2018,22:00,1057.83,1062.99,1033.04,1044.96,1655504,0,28.00,84.00,70.00,30.00,19.91,100.00,-100.00
01/02/2019,22:00,1027.20,1060.79,1025.28,1054.68,1593395,0,24.00,80.00,70.00,30.00,24.40,100.00,-100.00
01/03/2019,22:00,1050.67,1066.26,1022.37,1025.47,2097957,0,20.00,76.00,70.00,30.00,1.56,100.00,-100.00
01/04/2019,22:00,1042.56,1080.00,1036.86,1078.07,2301428,0,16.00,72.00,70.00,30.00,132.28,100.00,-100.00
01/07/2019,22:00,1080.97,1082.70,1062.64,1075.92,2372667,0,12.00,68.00,70.00,30.00,158.38,100.00,-100.00
01/08/2019,22:00,1086.00,1093.35,1068.35,1085.37,1770654,0,8.00,64.00,70.00,30.00,156.06,100.00,-100.00
01/09/2019,22:00,1087.99,1091.64,1074.37,1081.65,1349912,0,4.00,60.00,70.00,30.00,128.61,100.00,-100.00
01/10/2019,22:00,1074.94,1079.81,1064.68,1078.83,1329861,0,4.00,56.00,70.00,30.00,86.22,100.00,-100.00
01/11/2019,22:00,1069.90,1073.37,1056.43,1064.47,1543238,0,88.00,52.00,70.00,30.00,48.64,100.00,-100.00
01/14/2019,22:00,1053.34,1058.45,1048.55,1051.51,1424486,0,84.00,48.00,70.00,30.00,0.59,100.00,-100.00
01/15/2019,22:00,1058.01,1088.27,1054.44,1086.51,1875852,0,80.00,44.00,70.00,30.00,76.29,100.00,-100.00
01/16/2019,22:00,1090.00,1102.36,1088.01,1089.51,1914041,0,100.00,40.00,70.00,30.00,131.81,100.00,-100.00
01/17/2019,22:00,1087.99,1100.70,1083.26,1099.12,1244801,0,96.00,36.00,70.00,30.00,119.17,100.00,-100.00
01/18/2019,22:00,1108.59,1118.00,1099.28,1107.30,2244569,0,100.00,32.00,70.00,30.00,150.54,100.00,-100.00
01/22/2019,22:00,1096.00,1098.97,1070.89,1078.63,1981594,0,96.00,28.00,70.00,30.00,40.26,100.00,-100.00
01/23/2019,22:00,1086.86,1092.95,1067.57,1084.41,1259738,0,92.00,24.00,70.00,30.00,26.88,100.00,-100.00
01/24/2019,22:00,1082.51,1088.00,1070.02,1084.00,1455948,0,88.00,20.00,70.00,30.00,7.80,100.00,-100.00
01/25/2019,22:00,1094.23,1103.36,1091.80,1101.51,1163788,0,84.00,16.00,70.00,30.00,114.75,100.00,-100.00
01/28/2019,22:00,1090.07,1093.37,1074.61,1079.86,1466714,0,80.00,12.00,70.00,30.00,0.38,100.00,-100.00
01/29/2019,22:00,1081.04,1084.73,1066.02,1070.06,985248,0,76.00,8.00,70.00,30.00,-56.20,100.00,-100.00
01/30/2019,22:00,1077.36,1099.52,1076.64,1097.99,1472647,0,72.00,4.00,70.00,30.00,55.91,100.00,-100.00
01/31/2019,22:00,1112.24,1127.67,1105.25,1125.89,2011572,0,100.00,4.00,70.00,30.00,173.45,100.00,-100.00
02/01/2019,22:00,1122.29,1134.40,1114.25,1118.62,1655813,0,100.00,4.00,70.00,30.00,153.61,100.00,-100.00
02/04/2019,22:00,1119.01,1142.34,1117.51,1141.42,3920591,0,100.00,16.00,70.00,30.00,170.13,100.00,-100.00
02/05/2019,22:00,1129.63,1152.77,1123.60,1151.87,4114790,0,100.00,12.00,70.00,30.00,158.52,100.00,-100.00
02/06/2019,22:00,1149.27,1154.00,1118.36,1122.89,2412820,0,100.00,8.00,70.00,30.00,95.65,100.00,-100.00
02/07/2019,22:00,1111.82,1111.99,1093.59,1105.91,1914877,0,96.00,4.00,70.00,30.00,-0.08,100.00,-100.00
02/08/2019,22:00,1094.88,1105.10,1094.24,1102.38,1088327,0,92.00,4.00,70.00,30.00,-9.51,100.00,-100.00
02/11/2019,22:00,1103.75,1113.43,1100.00,1102.12,924881,0,88.00,24.00,70.00,30.00,1.03,100.00,-100.00
02/12/2019,22:00,1111.01,1132.86,1111.01,1127.58,1751771,0,84.00,20.00,70.00,30.00,58.61,100.00,-100.00
02/13/2019,22:00,1133.04,1142.85,1126.00,1128.63,1402087,0,80.00,16.00,70.00,30.00,77.77,100.00,-100.00
02/14/2019,22:00,1125.00,1136.13,1117.09,1129.20,1055297,0,76.00,12.00,70.00,30.00,51.66,100.00,-100.00
02/15/2019,22:00,1139.30,1139.30,1116.72,1119.63,1391348,0,72.00,8.00,70.00,30.00,36.46,100.00,-100.00
02/19/2019,22:00,1116.64,1129.64,1116.64,1126.51,1099259,0,68.00,4.00,70.00,30.00,22.69,100.00,-100.00
02/20/2019,22:00,1128.88,1130.93,1111.75,1120.59,1204533,0,64.00,4.00,70.00,30.00,-10.20,100.00,-100.00
02/21/2019,22:00,1118.78,1119.15,1097.98,1104.21,1663980,0,60.00,36.00,70.00,30.00,-96.30,100.00,-100.00
02/22/2019,22:00,1109.70,1117.25,1100.50,1116.56,1471783,0,56.00,32.00,70.00,30.00,-57.52,100.00,-100.00
02/25/2019,22:00,1121.93,1125.40,1114.11,1117.33,1310362,0,52.00,28.00,70.00,30.00,-5.00,100.00,-100.00
02/26/2019,22:00,1114.37,1126.44,1106.70,1122.01,1751261,0,48.00,24.00,70.00,30.00,3.13,100.00,-100.00
02/27/2019,22:00,1114.01,1125.73,1108.56,1122.89,1104881,0,44.00,20.00,70.00,30.00,16.30,100.00,-100.00
02/28/2019,22:00,1119.00,1133.99,1118.41,1126.55,1371355,0,40.00,16.00,70.00,30.00,70.45,100.00,-100.00
03/01/2019,22:00,1131.00,1150.00,1131.00,1148.52,1704258,0,36.00,12.00,70.00,30.00,197.27,100.00,-100.00
03/04/2019,22:00,1154.56,1165.52,1138.25,1153.42,1774467,0,100.00,8.00,70.00,30.00,225.33,100.00,-100.00
03/05/2019,22:00,1156.00,1176.49,1153.02,1169.19,2004723,0,100.00,4.00,70.00,30.00,217.36,100.00,-100.00
03/06/2019,22:00,1171.76,1174.74,1163.05,1164.94,1180052,0,96.00,4.00,70.00,30.00,161.33,100.00,-100.00
03/07/2019,22:00,1160.50,1163.58,1141.72,1150.85,1504328,0,92.00,24.00,70.00,30.00,76.80,100.00,-100.00
03/08/2019,22:00,1133.90,1153.45,1130.20,1149.97,1184732,0,88.00,20.00,70.00,30.00,40.77,100.00,-100.00
03/11/2019,22:00,1152.00,1179.91,1151.57,1179.26,1501633,0,100.00,16.00,70.00,30.00,113.17,100.00,-100.00
03/12/2019,22:00,1182.30,1205.71,1182.30,1197.25,2110979,0,100.00,12.00,70.00,30.00,161.25,100.00,-100.00
03/13/2019,22:00,1205.93,1207.12,1197.91,1199.06,1294354,0,100.00,8.00,70.00,30.00,151.10,100.00,-100.00
03/14/2019,22:00,1199.02,1204.70,1191.23,1192.53,1365072,0,96.00,4.00,70.00,30.00,115.38,100.00,-100.00
03/15/2019,22:00,1198.00,1201.73,1187.01,1190.30,2593338,0,92.00,4.00,70.00,30.00,91.20,100.00,-100.00
03/18/2019,22:00,1189.69,1194.95,1181.48,1188.55,1222203,0,88.00,32.00,70.00,30.00,69.11,100.00,-100.00
03/19/2019,22:00,1191.72,1203.41,1189.46,1202.46,1489407,0,84.00,28.00,70.00,30.00,87.51,100.00,-100.00
