"Date","Time","Open","High","Low","Close","Vol","OI","UlcerX","SafeLevel"
03/16/2017,22:00,262.40,265.75,259.06,262.05,7132153,0,0.00,0.00
03/17/2017,22:00,264.00,265.33,261.20,261.50,6497496,0,0.00,0.00
03/20/2017,22:00,260.60,264.55,258.82,261.92,3614294,0,0.00,0.00
03/21/2017,22:00,262.83,264.80,250.24,250.68,6908554,0,0.00,0.00
03/22/2017,22:00,251.56,255.07,250.51,255.01,4059297,0,0.00,0.00
03/23/2017,22:00,255.39,257.67,253.30,254.78,3320245,0,0.00,0.00
03/24/2017,22:00,255.70,263.89,255.01,263.16,5647253,0,0.00,0.00
03/27/2017,22:00,260.60,270.57,259.75,270.22,6230795,0,0.00,0.00
03/28/2017,22:00,277.02,280.68,275.00,277.45,7987604,0,0.00,0.00
03/29/2017,22:00,278.34,279.60,275.54,277.38,3676157,0,0.00,0.00
03/30/2017,22:00,278.04,282.00,277.21,277.92,4148426,0,0.00,0.00
03/31/2017,22:00,278.73,279.68,276.32,278.30,3294640,0,0.00,0.00
04/03/2017,22:00,286.90,299.00,284.58,298.52,13888618,0,0.00,0.00
04/04/2017,22:00,296.89,304.81,294.53,303.70,10134556,0,0.00,0.00
04/05/2017,22:00,302.04,304.88,294.20,295.00,7880938,0,1.71,5.00
04/06/2017,22:00,296.88,301.94,294.10,298.70,5520588,0,1.77,5.00
04/07/2017,22:00,297.50,302.69,297.15,302.54,4579613,0,0.89,5.00
04/10/2017,22:00,309.15,313.73,308.71,312.39,7664458,0,0.89,5.00
04/11/2017,22:00,313.38,313.47,305.50,308.71,5724577,0,0.94,5.00
04/12/2017,22:00,306.34,308.45,296.32,296.84,6050682,0,1.63,5.00
04/13/2017,22:00,296.70,307.39,295.30,304.00,9284634,0,1.78,5.00
04/17/2017,22:00,302.70,304.00,298.68,301.44,4138736,0,2.01,5.00
04/18/2017,22:00,299.70,300.84,297.90,300.25,3035698,0,2.27,5.00
04/19/2017,22:00,302.46,306.62,302.11,305.52,3898024,0,2.34,5.00
04/20/2017,22:00,306.51,309.15,300.23,302.51,6149352,0,2.49,5.00
04/21/2017,22:00,302.00,306.40,300.42,305.60,4509756,0,2.56,5.00
04/24/2017,22:00,309.22,310.55,306.02,308.03,5083505,0,2.58,5.00
04/25/2017,22:00,308.00,313.98,305.86,313.79,6737708,0,2.42,5.00
04/26/2017,22:00,312.37,314.50,309.00,310.17,4695044,0,2.44,5.00
04/27/2017,22:00,311.69,313.09,307.50,308.63,3468569,0,2.48,5.00
04/28/2017,22:00,309.83,314.80,308.00,314.07,4505478,0,2.48,5.00
05/01/2017,22:00,314.88,327.25,314.81,322.83,8829565,0,1.70,5.00
05/02/2017,22:00,324.00,327.66,316.56,318.89,5382777,0,0.79,5.00
05/03/2017,22:00,317.67,321.53,310.45,311.02,7133365,0,1.26,5.00
05/04/2017,22:00,307.44,307.77,290.76,295.46,14152008,0,2.56,5.00
05/05/2017,22:00,298.00,308.55,296.80,308.35,8177347,0,2.83,5.00
05/08/2017,22:00,310.90,313.79,305.82,307.19,7006471,0,3.11,5.00
05/09/2017,22:00,309.38,321.99,309.10,321.26,9676537,0,3.10,5.00
05/10/2017,22:00,321.56,325.50,318.12,325.22,5741607,0,3.10,5.00
05/11/2017,22:00,323.40,326.00,319.60,323.10,4753819,0,3.11,5.00
05/12/2017,22:00,325.48,327.00,321.53,324.81,4121612,0,3.11,5.00
05/15/2017,22:00,318.38,320.20,312.53,315.88,7622004,0,3.16,5.00
05/16/2017,22:00,317.59,320.06,315.14,317.01,4152484,0,3.23,5.00
05/17/2017,22:00,314.39,314.63,305.50,306.11,6711940,0,3.59,5.00
05/18/2017,22:00,307.00,313.94,305.31,313.06,5653801,0,3.72,5.00
05/19/2017,22:00,315.50,316.50,310.20,310.83,4687572,0,3.46,5.00
05/22/2017,22:00,312.80,314.37,306.80,310.35,4329178,0,3.06,5.00
05/23/2017,22:00,310.46,310.73,303.48,303.86,4318354,0,3.24,5.00
05/24/2017,22:00,306.51,311.00,305.40,310.22,5041692,0,3.47,5.00
05/25/2017,22:00,311.02,316.97,307.81,316.83,5013963,0,3.54,5.00
05/26/2017,22:00,317.28,325.49,316.31,325.14,7802199,0,3.54,5.00
05/30/2017,22:00,326.00,336.28,325.76,335.10,7782916,0,3.54,5.00
05/31/2017,22:00,337.69,342.89,335.16,341.01,9963444,0,3.44,5.00
06/01/2017,22:00,344.00,344.88,337.29,340.37,7607996,0,3.44,5.00
06/02/2017,22:00,339.77,342.88,335.93,339.85,5590239,0,1.76,5.00
06/05/2017,22:00,338.50,348.44,334.21,347.32,6784368,0,1.76,5.00
06/06/2017,22:00,344.70,359.49,339.97,352.85,11086798,0,0.88,5.00
06/07/2017,22:00,356.34,360.50,355.14,359.65,9397959,0,0.88,5.00
06/08/2017,22:00,363.75,371.90,360.22,370.00,9061496,0,0.61,5.00
06/09/2017,22:00,374.42,376.87,354.80,357.32,17261435,0,1.08,5.00
06/12/2017,22:00,357.99,364.50,350.62,359.01,10517660,0,1.22,5.00
06/13/2017,22:00,367.62,376.00,366.61,375.95,11807920,0,1.22,5.00
06/14/2017,22:00,381.09,384.25,376.31,380.66,12818429,0,1.22,5.00
06/15/2017,22:00,372.50,375.46,366.49,375.34,10426469,0,1.27,5.00
06/16/2017,22:00,377.98,378.01,370.10,371.40,6730973,0,1.43,5.00
06/19/2017,22:00,375.00,376.70,367.80,369.80,6549332,0,1.62,5.00
06/20/2017,22:00,376.67,378.88,369.73,372.24,7438701,0,1.72,5.00
06/21/2017,22:00,374.35,376.99,368.02,376.40,4923210,0,1.75,5.00
06/22/2017,22:00,377.99,385.00,373.57,382.61,7529778,0,1.75,5.00
06/23/2017,22:00,382.45,386.99,379.35,383.45,6445758,0,1.75,5.00
06/26/2017,22:00,386.69,386.95,373.10,377.49,6604099,0,1.80,5.00
06/27/2017,22:00,376.40,376.40,362.02,362.37,6996399,0,2.32,5.00
06/28/2017,22:00,367.60,371.74,362.52,371.24,6302463,0,2.15,5.00
06/29/2017,22:00,370.61,371.00,354.10,360.75,8221038,0,2.67,5.00
06/30/2017,22:00,363.71,366.77,359.62,361.61,5848521,0,3.08,5.00
07/03/2017,22:00,368.90,371.35,351.50,352.62,6305401,0,3.75,5.00
07/05/2017,22:00,347.20,347.24,326.33,327.09,17046701,0,5.31,5.00
07/06/2017,22:00,317.26,320.79,306.30,308.83,19324495,0,7.42,5.00
07/07/2017,22:00,314.75,317.00,307.38,313.22,14176915,0,8.88,5.00
07/10/2017,22:00,312.90,317.94,303.13,316.05,13820889,0,10.05,5.00
07/11/2017,22:00,316.00,327.28,314.30,327.22,11559402,0,10.79,5.00
07/12/2017,22:00,331.00,333.10,324.50,329.52,10346127,0,11.42,5.00
07/13/2017,22:00,330.11,331.60,319.97,323.41,8594466,0,12.17,5.00
07/14/2017,22:00,323.19,328.42,321.22,327.78,5625211,0,11.59,5.00
07/17/2017,22:00,325.54,327.10,313.45,319.57,9876912,0,11.00,5.00
07/18/2017,22:00,317.50,329.13,315.66,328.24,6373720,0,11.42,5.00
07/19/2017,22:00,328.23,331.65,323.22,325.26,6357014,0,9.78,5.00
07/20/2017,22:00,326.90,330.22,324.20,329.92,5166188,0,10.05,5.00
07/21/2017,22:00,329.46,331.26,325.80,328.40,4901606,0,8.18,5.00
07/24/2017,22:00,330.24,343.40,330.01,342.52,8637082,0,2.32,5.00
07/25/2017,22:00,345.00,345.60,334.15,339.60,6989197,0,1.06,5.00
07/26/2017,22:00,341.28,345.50,338.12,343.85,4820790,0,1.06,5.00
07/27/2017,22:00,346.00,347.50,326.29,334.46,8302405,0,1.28,5.00
07/28/2017,22:00,336.89,339.60,332.51,335.07,4880414,0,1.45,5.00
07/31/2017,22:00,335.50,341.49,321.04,323.47,8535136,0,2.15,5.00
08/01/2017,22:00,323.00,324.45,316.13,319.57,8303102,0,2.76,5.00
08/02/2017,22:00,318.94,327.12,311.22,325.89,13091462,0,3.10,5.00
08/03/2017,22:00,346.79,350.00,343.15,347.09,13535033,0,3.02,5.00
08/04/2017,22:00,347.00,357.27,343.30,356.91,9268909,0,3.02,5.00
08/07/2017,22:00,357.35,359.48,352.75,355.17,6324480,0,3.02,5.00
08/08/2017,22:00,357.53,368.58,357.40,365.22,7449837,0,3.02,5.00
08/09/2017,22:00,361.00,370.00,358.95,363.53,6892096,0,3.02,5.00
08/10/2017,22:00,361.60,366.65,354.66,355.40,7092858,0,3.10,5.00
08/11/2017,22:00,356.97,361.26,353.62,357.87,4365783,0,3.14,5.00
08/14/2017,22:00,364.63,367.66,362.60,363.80,4519186,0,3.14,5.00
08/15/2017,22:00,365.20,365.49,359.37,362.33,3085088,0,1.95,5.00
08/16/2017,22:00,363.00,366.50,362.52,362.91,3413773,0,1.96,5.00
08/17/2017,22:00,361.21,363.30,351.59,351.92,5027660,0,1.40,5.00
08/18/2017,22:00,352.91,354.00,345.80,347.46,5408183,0,1.89,5.00
08/21/2017,22:00,345.05,345.82,331.85,337.86,6495424,0,2.75,5.00
08/22/2017,22:00,341.13,342.24,337.37,341.35,4321966,0,3.26,5.00
08/23/2017,22:00,338.99,353.49,338.30,352.77,4954504,0,3.38,5.00
08/24/2017,22:00,352.52,356.66,349.74,352.93,4584687,0,3.50,5.00
08/25/2017,22:00,354.24,355.69,347.30,348.05,3483956,0,3.72,5.00
08/28/2017,22:00,347.28,347.35,339.72,345.66,3763956,0,3.68,5.00
08/29/2017,22:00,339.48,349.05,338.75,347.36,4073675,0,3.80,5.00
08/30/2017,22:00,349.67,353.47,347.00,353.18,3412943,0,3.88,5.00
08/31/2017,22:00,353.55,358.44,352.82,355.90,4072795,0,3.92,5.00
09/01/2017,22:00,356.12,357.59,353.69,355.40,3049546,0,3.77,5.00
09/05/2017,22:00,353.80,355.49,345.89,349.59,3848382,0,3.89,5.00
09/06/2017,22:00,349.50,350.98,341.56,344.53,4091351,0,1.86,5.00
09/07/2017,22:00,345.98,352.48,343.45,350.61,4239213,0,1.58,5.00
09/08/2017,22:00,348.99,349.78,342.30,343.40,3263508,0,1.62,5.00
09/11/2017,22:00,351.35,363.71,350.00,363.69,7667055,0,1.62,5.00
09/12/2017,22:00,364.49,368.76,360.40,362.75,5972907,0,1.62,5.00
09/13/2017,22:00,363.82,368.07,359.59,366.23,4185231,0,1.62,5.00
09/14/2017,22:00,364.33,377.96,362.63,377.64,7202524,0,1.43,5.00
09/15/2017,22:00,374.51,380.00,372.70,379.81,5420496,0,1.41,5.00
09/18/2017,22:00,380.25,389.61,377.68,385.00,7187980,0,1.41,5.00
09/19/2017,22:00,380.00,382.39,373.57,375.10,6451886,0,1.57,5.00
09/20/2017,22:00,373.00,378.25,371.07,373.91,4919052,0,1.75,5.00
09/21/2017,22:00,374.90,376.83,364.51,366.48,4618190,0,2.13,5.00
09/22/2017,22:00,366.49,369.90,350.88,351.09,8159418,0,2.95,5.00
09/25/2017,22:00,353.15,357.47,342.88,344.99,7605946,0,4.03,5.00
09/26/2017,22:00,350.93,351.24,340.90,345.25,7156274,0,4.89,5.00
09/27/2017,22:00,349.90,351.49,340.50,340.97,6060330,0,5.74,5.00
09/28/2017,22:00,339.88,342.75,335.40,339.60,5319617,0,6.55,5.00
09/29/2017,22:00,341.86,344.68,338.60,341.10,5107082,0,7.22,5.00
10/02/2017,22:00,342.52,343.70,335.51,341.53,5286774,0,7.83,5.00
10/03/2017,22:00,335.90,348.55,331.28,348.14,10153596,0,8.23,5.00
10/04/2017,22:00,351.25,358.62,349.60,355.01,8163543,0,8.49,5.00
10/05/2017,22:00,356.00,357.44,351.35,355.33,4171675,0,8.74,5.00
10/06/2017,22:00,353.10,360.10,352.25,356.88,4297474,0,6.76,5.00
10/09/2017,22:00,349.65,351.75,342.67,342.94,7493654,0,6.87,5.00
10/10/2017,22:00,346.80,355.63,345.53,355.59,6978495,0,5.23,5.00
10/11/2017,22:00,353.89,357.60,351.15,354.60,4500831,0,2.01,5.00
10/12/2017,22:00,352.95,359.78,352.64,355.68,4087048,0,1.27,5.00
10/13/2017,22:00,356.98,358.49,353.68,355.57,3540533,0,1.28,5.00
10/16/2017,22:00,353.76,354.48,347.16,350.60,5375486,0,1.17,5.00
10/17/2017,22:00,350.91,356.22,350.07,355.75,3293345,0,1.17,5.00
10/18/2017,22:00,355.97,363.00,354.13,359.65,4939074,0,1.17,5.00
10/19/2017,22:00,355.56,357.15,348.20,351.81,5061843,0,1.31,5.00
10/20/2017,22:00,352.69,354.55,344.34,345.10,4930395,0,1.70,5.00
10/23/2017,22:00,349.88,349.95,336.25,337.02,5747346,0,2.39,5.00
10/24/2017,22:00,338.80,342.80,336.16,337.34,4491672,0,2.91,5.00
10/25/2017,22:00,336.70,337.50,323.56,325.84,8594073,0,3.84,5.00
10/26/2017,22:00,327.78,330.23,323.20,326.17,5023500,0,4.44,5.00
10/27/2017,22:00,319.75,324.59,316.66,320.87,6979704,0,5.30,5.00
10/30/2017,22:00,319.18,323.78,317.25,320.08,4254378,0,6.06,5.00
10/31/2017,22:00,320.23,331.95,320.18,331.53,5672347,0,6.41,5.00
11/01/2017,22:00,332.25,332.61,320.26,321.08,8457336,0,7.02,5.00
11/02/2017,22:00,300.13,308.69,292.63,299.26,19791416,0,8.32,5.00
11/03/2017,22:00,299.50,306.25,295.13,306.09,8893974,0,9.23,5.00
11/06/2017,22:00,307.00,307.50,299.01,302.78,6486009,0,10.15,5.00
11/07/2017,22:00,301.02,306.50,300.03,306.05,5294274,0,9.14,5.00
11/08/2017,22:00,305.50,306.89,301.30,304.39,4725271,0,8.28,5.00
11/09/2017,22:00,302.50,304.46,296.30,302.99,5447147,0,7.08,5.00
11/10/2017,22:00,302.50,308.36,301.85,302.99,4625429,0,7.59,5.00
11/13/2017,22:00,300.13,316.80,299.11,315.40,7584944,0,6.23,5.00
11/14/2017,22:00,315.00,316.35,306.90,308.70,5676076,0,6.49,5.00
11/15/2017,22:00,306.01,312.49,301.50,311.30,5978665,0,6.66,5.00
11/16/2017,22:00,313.99,318.14,311.30,312.50,5822073,0,6.84,5.00
11/17/2017,22:00,325.67,326.67,313.15,315.05,13735139,0,6.96,5.00
11/20/2017,22:00,313.79,315.50,304.75,308.74,8247650,0,4.36,5.00
11/21/2017,22:00,310.86,318.23,308.71,317.81,7261273,0,1.04,5.00
11/22/2017,22:00,316.77,317.42,311.84,312.60,4917636,0,1.13,5.00
11/24/2017,22:00,313.79,316.41,311.00,315.55,3244065,0,1.10,5.00
11/27/2017,22:00,313.25,317.34,309.51,316.81,4555894,0,1.11,5.00
11/28/2017,22:00,316.36,320.00,313.92,317.55,4949491,0,1.04,5.00
11/29/2017,22:00,317.30,318.00,301.23,307.54,8767398,0,1.34,5.00
11/30/2017,22:00,308.92,310.70,304.54,308.85,4351587,0,1.54,5.00
12/01/2017,22:00,305.44,310.32,305.05,306.53,4292868,0,1.81,5.00
12/04/2017,22:00,306.50,308.27,300.61,305.20,5835140,0,1.96,5.00
12/05/2017,22:00,302.00,308.00,301.00,303.70,4646520,0,2.30,5.00
12/06/2017,22:00,300.10,313.39,300.00,313.26,7195341,0,2.33,5.00
12/07/2017,22:00,312.00,318.63,311.05,311.24,4780597,0,2.39,5.00
12/08/2017,22:00,314.60,316.98,311.26,315.13,3468458,0,2.34,5.00
12/11/2017,22:00,314.63,329.01,313.75,328.91,7937981,0,2.34,5.00
12/12/2017,22:00,330.45,341.44,330.03,341.03,8733199,0,2.24,5.00
12/13/2017,22:00,340.93,344.22,336.50,339.03,6221461,0,2.24,5.00
12/14/2017,22:00,341.01,347.44,336.90,337.89,5799916,0,2.25,5.00
12/15/2017,22:00,342.04,343.90,335.76,343.45,6933199,0,2.25,5.00
12/18/2017,22:00,344.90,346.73,337.58,338.87,5476166,0,0.76,5.00
12/19/2017,22:00,340.26,341.49,330.30,331.10,6824971,0,1.23,5.00
12/20/2017,22:00,332.69,333.10,325.04,328.98,5953800,0,1.58,5.00
12/21/2017,22:00,329.59,333.74,327.21,331.66,4385222,0,1.81,5.00
12/22/2017,22:00,329.51,330.92,324.82,325.20,4215807,0,2.30,5.00
12/26/2017,22:00,323.83,323.94,316.58,317.29,4378413,0,3.07,5.00
12/27/2017,22:00,316.00,317.68,310.75,311.64,4712111,0,3.94,5.00
12/28/2017,22:00,311.75,315.82,309.54,315.36,4316347,0,4.51,5.00
12/29/2017,22:00,316.18,316.41,310.00,311.35,3777155,0,5.15,5.00
01/02/2018,22:00,312.00,322.11,311.00,320.53,4352241,0,5.45,5.00
01/03/2018,22:00,321.00,325.25,315.55,317.25,4521527,0,5.81,5.00
01/04/2018,22:00,312.87,318.55,305.68,314.62,9946304,0,6.23,5.00
01/05/2018,22:00,316.62,317.24,312.00,316.58,4591180,0,6.57,5.00
01/08/2018,22:00,316.00,337.02,315.50,336.41,9859435,0,5.47,5.00
01/09/2018,22:00,335.16,338.80,327.41,333.69,7146631,0,3.77,5.00
01/10/2018,22:00,332.20,337.00,330.00,334.80,4309926,0,3.77,5.00
01/11/2018,22:00,335.24,344.81,333.26,337.95,6645484,0,3.77,5.00
01/12/2018,22:00,338.63,340.41,333.67,336.22,4825059,0,2.35,5.00
01/16/2018,22:00,337.54,345.00,334.80,340.06,6474251,0,1.01,5.00
01/17/2018,22:00,340.47,349.00,339.75,347.16,7103505,0,0.79,5.00
01/18/2018,22:00,345.67,352.30,343.74,344.57,5685845,0,0.81,5.00
01/19/2018,22:00,345.00,350.59,342.60,350.02,4888303,0,0.74,5.00
01/22/2018,22:00,349.40,357.83,349.20,351.56,6210360,0,0.74,5.00
01/23/2018,22:00,360.00,360.50,351.00,352.79,5465414,0,0.42,5.00
01/24/2018,22:00,354.58,354.75,343.52,345.89,5287478,0,0.63,5.00
01/25/2018,22:00,348.27,349.20,336.40,337.64,6740303,0,1.31,5.00
01/26/2018,22:00,341.50,344.00,335.71,342.85,4539356,0,1.51,5.00
01/29/2018,22:00,339.85,350.85,338.28,349.53,4747149,0,1.51,5.00
01/30/2018,22:00,345.14,348.27,342.17,345.82,4717700,0,1.60,5.00
01/31/2018,22:00,347.51,356.19,345.19,354.31,6214069,0,1.60,5.00
02/01/2018,22:00,351.00,359.66,348.63,349.25,4197687,0,1.64,5.00
02/02/2018,22:00,348.44,351.95,340.51,343.75,3704836,0,1.82,5.00
02/05/2018,22:00,337.97,344.47,333.00,333.13,4464147,0,2.42,5.00
02/06/2018,22:00,325.21,336.22,323.50,333.97,5088438,0,2.86,5.00
02/07/2018,22:00,338.99,346.00,335.66,345.00,6969239,0,2.95,5.00
02/08/2018,22:00,343.31,348.62,314.60,315.23,10314573,0,4.17,5.00
02/09/2018,22:00,319.93,320.98,294.76,310.42,12933721,0,5.32,5.00
02/12/2018,22:00,316.13,318.08,306.25,315.73,6227822,0,5.90,5.00
02/13/2018,22:00,315.02,324.19,312.51,323.66,4560231,0,6.30,5.00
02/14/2018,22:00,320.84,326.17,318.52,322.31,3950743,0,6.75,5.00
02/15/2018,22:00,324.50,334.12,322.40,334.07,5912917,0,6.92,5.00
02/16/2018,22:00,332.50,343.12,331.64,335.49,5642637,0,7.06,5.00
02/20/2018,22:00,334.47,340.84,331.50,334.77,4009435,0,7.21,5.00
02/21/2018,22:00,336.03,339.69,333.17,333.30,3219649,0,6.21,5.00
02/22/2018,22:00,335.53,347.44,334.75,346.17,6969808,0,5.24,5.00
02/23/2018,22:00,347.83,354.99,347.10,352.05,5817387,0,5.12,5.00
02/26/2018,22:00,353.50,359.00,352.36,357.42,4339985,0,5.12,5.00
02/27/2018,22:00,356.25,359.99,350.01,350.99,4797419,0,5.14,5.00
02/28/2018,22:00,352.57,355.24,342.22,343.06,6069658,0,1.26,5.00
03/01/2018,22:00,345.01,348.67,330.07,330.93,6885601,0,2.31,5.00
03/02/2018,22:00,326.98,335.22,322.97,335.12,5092829,0,2.85,5.00
03/05/2018,22:00,332.39,337.75,329.29,333.35,3823769,0,3.37,5.00
03/06/2018,22:00,333.75,336.37,327.03,328.20,4285744,0,4.02,5.00
03/07/2018,22:00,325.44,332.50,321.74,332.30,5007297,0,4.43,5.00
03/08/2018,22:00,332.86,333.30,326.27,329.10,3566244,0,4.91,5.00
03/09/2018,22:00,324.10,328.49,322.37,327.17,5506764,0,5.41,5.00
03/12/2018,22:00,328.61,347.21,326.50,345.51,8264035,0,5.48,5.00
03/13/2018,22:00,344.92,345.12,336.26,341.84,5965805,0,5.60,5.00
03/14/2018,22:00,336.76,339.81,323.93,326.63,7967370,0,6.06,5.00
03/15/2018,22:00,329.38,332.85,321.10,325.60,6564801,0,6.51,5.00
03/16/2018,22:00,325.96,327.40,319.07,321.35,6117279,0,5.48,5.00
03/19/2018,22:00,316.50,320.75,309.67,313.56,7484294,0,4.56,5.00
03/20/2018,22:00,314.87,316.25,308.76,310.55,4764293,0,4.74,5.00
03/21/2018,22:00,310.25,322.44,310.19,316.53,5958411,0,5.25,5.00
03/22/2018,22:00,313.89,318.82,308.18,309.10,4939771,0,5.92,5.00
03/23/2018,22:00,311.25,311.61,300.45,301.54,6654899,0,6.80,5.00
03/26/2018,22:00,307.34,307.59,291.36,304.18,8375175,0,7.52,5.00
03/27/2018,22:00,304.00,304.27,277.18,279.18,13872029,0,9.09,5.00
03/28/2018,22:00,264.58,268.68,252.10,257.78,21001437,0,11.34,5.00
03/29/2018,22:00,256.49,270.96,248.21,266.13,15170749,0,12.90,5.00
04/02/2018,22:00,256.26,260.33,244.59,252.48,16113968,0,14.02,5.00
04/03/2018,22:00,269.82,273.35,254.49,267.53,18844384,0,12.04,5.00
04/04/2018,22:00,252.78,288.37,252.00,286.94,19896746,0,12.25,5.00
04/05/2018,22:00,289.34,306.26,288.20,305.72,19121101,0,11.46,5.00
04/06/2018,22:00,301.00,309.28,295.50,299.30,13520286,0,10.55,5.00
04/09/2018,22:00,300.37,309.50,289.21,289.66,10249805,0,10.79,5.00
04/10/2018,22:00,298.97,307.10,293.68,304.70,11024259,0,10.84,5.00
04/11/2018,22:00,300.74,308.98,299.66,300.93,7482945,0,9.25,5.00
04/12/2018,22:00,302.32,303.95,293.68,294.08,7608769,0,8.33,5.00
04/13/2018,22:00,303.60,303.95,295.98,300.34,7327223,0,8.35,5.00
04/16/2018,22:00,299.00,299.66,289.01,291.21,6338488,0,4.34,5.00
04/17/2018,22:00,288.87,292.17,282.51,287.69,7000023,0,3.11,5.00
04/18/2018,22:00,291.08,300.24,288.16,293.35,6557700,0,3.30,5.00
04/19/2018,22:00,291.08,301.01,288.55,300.08,6090599,0,3.04,5.00
04/20/2018,22:00,295.17,299.98,289.75,290.24,5627928,0,3.33,5.00
04/23/2018,22:00,291.29,291.62,282.33,283.37,4893378,0,3.86,5.00
04/24/2018,22:00,285.00,287.09,278.46,283.46,5685308,0,4.32,5.00
04/25/2018,22:00,283.50,285.16,277.25,280.69,4013574,0,4.43,5.00
04/26/2018,22:00,278.75,285.79,276.50,285.48,4356013,0,4.66,5.00
04/27/2018,22:00,285.37,294.47,283.83,294.08,4364626,0,4.76,5.00
04/30/2018,22:00,293.61,298.73,292.50,293.90,4228172,0,3.82,5.00
05/01/2018,22:00,293.51,300.82,293.22,299.92,4625603,0,3.62,5.00
05/02/2018,22:00,298.57,306.85,297.78,301.15,8970370,0,3.62,5.00
05/03/2018,22:00,278.79,288.04,275.23,284.45,17352130,0,3.57,5.00
05/04/2018,22:00,283.00,296.86,279.52,294.09,8569354,0,3.61,5.00
05/07/2018,22:00,297.50,305.96,295.17,302.77,8678224,0,3.61,5.00
05/08/2018,22:00,300.80,307.75,299.00,301.97,5930000,0,3.61,5.00
05/09/2018,22:00,300.41,307.01,300.05,306.85,5727365,0,2.09,5.00
05/10/2018,22:00,307.50,312.99,304.11,305.02,5651561,0,1.64,5.00
05/11/2018,22:00,307.70,308.88,299.08,301.06,4679649,0,1.72,5.00
05/14/2018,22:00,303.32,304.94,291.62,291.97,7286804,0,2.13,5.00
05/15/2018,22:00,285.01,286.96,280.50,284.18,9519173,0,2.91,5.00
05/16/2018,22:00,283.83,288.81,281.56,286.48,5674019,0,3.41,5.00
05/17/2018,22:00,285.90,289.19,283.97,284.54,4420612,0,3.92,5.00
05/18/2018,22:00,284.65,284.65,274.00,276.82,7251887,0,4.71,5.00
05/21/2018,22:00,281.33,291.49,281.30,284.49,9182571,0,5.10,5.00
05/22/2018,22:00,287.76,288.00,273.42,275.01,8945756,0,5.58,5.00
05/23/2018,22:00,277.76,279.91,274.00,279.07,5985053,0,6.08,5.00
05/24/2018,22:00,278.40,281.11,274.89,277.85,4176708,0,6.58,5.00
05/25/2018,22:00,277.63,279.64,275.61,278.85,3875082,0,7.02,5.00
05/29/2018,22:00,278.51,286.50,276.15,283.76,5666640,0,7.30,5.00
05/30/2018,22:00,283.29,295.01,281.60,291.72,7489686,0,6.91,5.00
05/31/2018,22:00,287.21,290.37,282.93,284.73,5919721,0,6.00,5.00
06/01/2018,22:00,285.86,291.95,283.84,291.82,5424386,0,3.40,5.00
06/04/2018,22:00,294.34,299.00,293.55,296.74,4797810,0,2.03,5.00
06/05/2018,22:00,297.70,297.80,286.74,291.13,5995157,0,2.09,5.00
06/06/2018,22:00,300.50,322.17,297.48,319.50,18762517,0,1.72,5.00
06/07/2018,22:00,316.15,330.00,313.58,316.09,14345271,0,1.57,5.00
06/08/2018,22:00,319.00,324.48,317.15,317.66,8205202,0,1.58,5.00
06/11/2018,22:00,322.51,334.66,322.50,332.10,13183473,0,0.89,5.00
06/12/2018,22:00,344.70,354.97,338.00,342.77,22347403,0,0.89,5.00
06/13/2018,22:00,346.71,347.20,339.80,344.78,9469804,0,0.88,5.00
06/14/2018,22:00,347.63,358.75,346.60,357.72,10981023,0,0.88,5.00
06/15/2018,22:00,353.84,364.67,351.25,358.17,10848254,0,0.88,5.00
06/18/2018,22:00,355.40,373.73,354.50,370.83,12073226,0,0.88,5.00
06/19/2018,22:00,365.16,370.00,346.25,352.55,12761903,0,1.45,5.00
06/20/2018,22:00,358.04,364.38,352.00,362.22,8383656,0,1.58,5.00
06/21/2018,22:00,362.00,366.21,346.27,347.51,7967145,0,2.30,5.00
06/22/2018,22:00,351.54,352.25,332.00,333.63,10266059,0,3.50,5.00
06/25/2018,22:00,330.12,338.47,327.50,333.01,6931304,0,4.43,5.00
06/26/2018,22:00,336.05,343.55,325.80,342.00,7452487,0,4.89,5.00
06/27/2018,22:00,345.00,350.79,339.50,344.50,8333727,0,5.24,5.00
06/28/2018,22:00,348.66,357.02,346.11,349.93,8398005,0,5.45,5.00
06/29/2018,22:00,353.33,353.86,342.41,342.95,6492396,0,5.81,5.00
07/02/2018,22:00,360.07,364.78,329.85,335.07,18759765,0,6.36,5.00
07/03/2018,22:00,331.75,332.49,309.69,310.86,12282638,0,7.69,5.00
07/05/2018,22:00,313.76,314.39,296.22,309.16,17476374,0,8.88,5.00
07/06/2018,22:00,304.95,312.07,302.00,308.90,8865451,0,9.94,5.00
07/09/2018,22:00,311.99,318.52,308.00,318.51,7596753,0,8.75,5.00
07/10/2018,22:00,324.56,327.68,319.20,322.47,9471498,0,9.23,5.00
07/11/2018,22:00,315.80,321.94,315.07,318.96,4884076,0,6.95,5.00
07/12/2018,22:00,321.43,323.23,312.77,316.71,5721166,0,7.22,5.00
07/13/2018,22:00,315.58,319.58,309.25,318.87,5875770,0,7.60,5.00
07/16/2018,22:00,311.71,315.16,306.25,310.10,7818655,0,8.19,5.00
07/17/2018,22:00,308.81,324.74,308.50,322.69,6996232,0,8.45,5.00
07/18/2018,22:00,325.00,325.50,316.25,323.85,5624211,0,8.68,5.00
07/19/2018,22:00,316.33,323.54,314.01,320.23,5915345,0,7.24,5.00
07/20/2018,22:00,321.23,323.24,311.71,313.58,5166547,0,5.54,5.00
07/23/2018,22:00,301.84,305.50,292.86,303.20,10992947,0,2.28,5.00
07/24/2018,22:00,304.42,307.72,292.55,297.43,9590784,0,3.15,5.00
07/25/2018,22:00,296.35,309.62,294.50,308.74,7094180,0,3.39,5.00
07/26/2018,22:00,304.85,310.70,303.64,306.65,4630522,0,3.67,5.00
07/27/2018,22:00,307.25,307.69,295.34,297.18,5703326,0,4.28,5.00
07/30/2018,22:00,295.90,296.10,286.13,290.17,6814072,0,5.02,5.00
07/31/2018,22:00,292.25,298.32,289.07,298.14,5076916,0,5.44,5.00
08/01/2018,22:00,297.99,303.00,293.00,300.84,10129430,0,5.77,5.00
08/02/2018,22:00,328.44,349.99,323.16,349.54,23214962,0,5.72,5.00
08/03/2018,22:00,347.81,355.00,342.53,348.17,13656486,0,5.72,5.00
08/06/2018,22:00,345.46,354.98,341.82,341.99,8564331,0,5.75,5.00
08/07/2018,22:00,343.84,387.46,339.15,379.57,30875768,0,4.95,5.00
08/08/2018,22:00,369.09,382.64,367.12,370.34,24571163,0,3.58,5.00
08/09/2018,22:00,365.55,367.01,345.73,352.45,17183811,0,3.10,5.00
08/10/2018,22:00,354.00,360.00,346.00,355.49,11552044,0,3.50,5.00
08/13/2018,22:00,361.13,363.19,349.02,356.41,10463881,0,3.86,5.00
08/14/2018,22:00,358.45,359.20,347.10,347.64,6986427,0,4.31,5.00
08/15/2018,22:00,341.91,344.49,332.14,338.69,9101258,0,4.87,5.00
08/16/2018,22:00,339.91,342.28,333.82,335.45,6064033,0,5.74,5.00
08/17/2018,22:00,323.50,326.77,303.53,305.50,18958612,0,7.75,5.00
08/20/2018,22:00,291.70,308.50,288.20,308.44,17402335,0,9.23,5.00
08/21/2018,22:00,310.61,324.79,309.00,321.90,13172230,0,10.09,5.00
08/22/2018,22:00,320.87,323.88,314.67,321.64,5945955,0,10.87,5.00
08/23/2018,22:00,319.14,327.32,318.10,320.10,5147286,0,11.64,5.00
08/24/2018,22:00,320.70,323.85,319.40,322.82,3602564,0,12.31,5.00
08/27/2018,22:00,318.00,322.44,308.81,319.27,13079288,0,11.09,5.00
08/28/2018,22:00,318.41,318.88,311.19,311.86,7649091,0,8.85,5.00
08/29/2018,22:00,310.27,311.85,303.69,305.01,7447392,0,9.65,5.00
08/30/2018,22:00,302.26,304.60,297.72,303.15,7216706,0,10.45,5.00
08/31/2018,22:00,302.00,305.31,298.60,301.66,5375104,0,9.18,5.00
09/04/2018,22:00,296.94,298.19,288.00,288.95,8350469,0,8.10,5.00
09/05/2018,22:00,285.05,286.78,277.18,280.74,7720821,0,8.54,5.00
09/06/2018,22:00,284.80,291.17,278.88,280.95,7480760,0,6.39,5.00
09/07/2018,22:00,260.10,268.35,252.25,263.24,22491931,0,8.07,5.00
09/10/2018,22:00,273.26,286.03,271.00,285.50,14283528,0,8.64,5.00
09/11/2018,22:00,279.47,282.00,273.55,279.44,9169989,0,9.36,5.00
09/12/2018,22:00,281.44,292.50,278.65,290.54,10015427,0,9.73,5.00
09/13/2018,22:00,288.02,295.00,285.18,289.46,6340336,0,10.12,5.00
09/14/2018,22:00,288.76,297.33,286.52,295.20,6765612,0,9.49,5.00
09/17/2018,22:00,290.04,300.87,288.13,294.84,6887577,0,7.81,5.00
09/18/2018,22:00,296.69,302.64,275.50,284.96,16547522,0,6.36,5.00
09/19/2018,22:00,280.51,300.00,280.50,299.02,8294917,0,5.91,5.00
09/20/2018,22:00,303.56,305.98,293.33,298.33,7349422,0,5.54,5.00
09/21/2018,22:00,297.70,300.58,295.37,299.10,5050478,0,2.92,5.00
09/24/2018,22:00,298.48,303.00,293.58,299.68,4842961,0,2.01,5.00
09/25/2018,22:00,300.00,304.60,296.50,300.99,4481729,0,2.01,5.00
09/26/2018,22:00,301.91,313.89,301.11,309.58,7843216,0,1.09,5.00
09/27/2018,22:00,312.90,314.96,306.91,307.52,8509084,0,1.11,5.00
09/28/2018,22:00,270.26,278.00,260.56,264.77,33649694,0,3.98,5.00
10/01/2018,22:00,305.77,311.44,301.05,310.70,21777597,0,3.98,5.00
10/02/2018,22:00,313.95,316.84,299.15,301.02,11743511,0,4.07,5.00
10/03/2018,22:00,303.33,304.60,291.57,294.80,7994988,0,4.29,5.00
10/04/2018,22:00,293.95,294.00,277.67,281.83,9814212,0,4.95,5.00
10/05/2018,22:00,274.65,274.88,260.00,261.95,17944537,0,6.43,5.00
10/08/2018,22:00,264.52,267.76,249.00,250.56,13472653,0,8.25,5.00
10/09/2018,22:00,255.25,266.77,253.30,262.80,12060574,0,9.22,5.00
10/10/2018,22:00,264.61,265.51,247.77,256.88,12815278,0,10.32,5.00
10/11/2018,22:00,257.53,262.25,249.03,252.23,8167738,0,11.48,5.00
10/12/2018,22:00,261.00,261.99,252.01,258.78,7201404,0,12.32,5.00
10/15/2018,22:00,259.06,263.28,254.54,259.59,6199965,0,13.08,5.00
10/16/2018,22:00,265.70,277.38,262.24,276.59,9526401,0,13.36,5.00
10/17/2018,22:00,282.40,282.70,265.80,271.78,8655542,0,13.26,5.00
10/18/2018,22:00,269.29,271.00,263.00,263.91,5421184,0,13.86,5.00
10/19/2018,22:00,267.39,269.66,253.50,260.00,9375549,0,12.00,5.00
10/22/2018,22:00,260.68,261.86,252.59,260.95,5600260,0,10.80,5.00
10/23/2018,22:00,263.87,297.93,262.10,294.14,19027753,0,7.11,5.00
10/24/2018,22:00,301.05,304.44,285.73,288.50,20058258,0,3.16,5.00
10/25/2018,22:00,317.22,321.00,301.01,314.86,20840724,0,2.94,5.00
10/26/2018,22:00,308.25,339.90,306.65,330.90,27425520,0,2.94,5.00
10/29/2018,22:00,337.47,347.16,326.50,334.85,14486027,0,2.66,5.00
10/30/2018,22:00,328.39,337.90,322.26,329.90,9126704,0,2.64,5.00
10/31/2018,22:00,332.54,342.00,329.10,337.32,7624348,0,2.64,5.00
11/01/2018,22:00,338.26,347.84,334.73,344.28,8000132,0,2.64,5.00
11/02/2018,22:00,343.74,349.20,340.91,346.41,7807971,0,2.64,5.00
11/05/2018,22:00,340.50,343.96,330.14,341.40,7831048,0,1.91,5.00
11/06/2018,22:00,339.07,348.80,336.09,341.06,6762889,0,0.99,5.00
11/07/2018,22:00,343.34,351.18,340.80,348.16,7374522,0,0.86,5.00
11/08/2018,22:00,348.50,357.58,348.44,351.40,7090674,0,0.86,5.00
11/09/2018,22:00,349.00,354.00,345.23,350.51,5098846,0,0.86,5.00
11/12/2018,22:00,348.37,349.78,330.34,331.28,6941523,0,1.68,5.00
11/13/2018,22:00,333.00,344.70,332.20,338.73,5448597,0,1.94,5.00
11/14/2018,22:00,342.70,347.11,337.15,344.00,5040287,0,2.02,5.00
11/15/2018,22:00,342.33,348.58,339.04,348.44,4625719,0,2.03,5.00
11/16/2018,22:00,345.19,355.70,345.12,354.31,7206191,0,1.99,5.00
11/19/2018,22:00,356.34,366.75,352.88,353.47,9708871,0,1.99,5.00
11/20/2018,22:00,341.75,349.80,333.55,347.49,8004709,0,2.06,5.00
11/21/2018,22:00,352.00,353.10,337.40,338.19,4686808,0,2.39,5.00
11/23/2018,22:00,334.35,337.50,325.55,325.83,4202642,0,3.16,5.00
11/26/2018,22:00,325.00,346.22,325.00,346.00,7992141,0,3.22,5.00
11/27/2018,22:00,340.05,346.96,335.50,343.92,6358300,0,3.32,5.00
11/28/2018,22:00,345.99,348.28,342.21,347.87,4127578,0,3.35,5.00
11/29/2018,22:00,347.00,347.50,339.55,341.17,3080724,0,3.44,5.00
11/30/2018,22:00,341.83,351.60,338.26,350.48,5628895,0,2.94,5.00
12/03/2018,22:00,360.00,366.00,352.00,358.49,8306511,0,2.94,5.00
12/04/2018,22:00,356.05,368.68,352.00,359.70,8461945,0,2.94,5.00
12/06/2018,22:00,356.01,367.38,350.76,363.06,7842508,0,2.94,5.00
12/07/2018,22:00,369.00,379.49,357.65,357.97,11511177,0,2.97,5.00
12/10/2018,22:00,360.00,365.98,353.12,365.15,6613455,0,2.83,5.00
12/11/2018,22:00,369.91,372.17,360.23,366.76,6308769,0,1.94,5.00
12/12/2018,22:00,369.42,371.91,365.16,366.60,5027048,0,1.18,5.00
12/13/2018,22:00,370.15,377.44,366.75,376.79,7365854,0,0.66,5.00
12/14/2018,22:00,375.00,377.87,364.33,365.71,6337555,0,1.02,5.00
12/17/2018,22:00,362.00,365.70,343.88,348.42,7674008,0,2.25,5.00
12/18/2018,22:00,350.54,351.55,333.69,337.03,7099999,0,3.61,5.00
12/19/2018,22:00,337.60,347.01,329.74,332.97,8274181,0,4.74,5.00
12/20/2018,22:00,327.05,330.29,311.87,315.38,9071858,0,6.43,5.00
12/21/2018,22:00,317.40,323.47,312.44,319.77,8016801,0,7.60,5.00
12/24/2018,22:00,313.50,314.50,295.20,295.39,5559913,0,9.54,5.00
12/26/2018,22:00,300.00,326.97,294.09,326.09,8163138,0,10.20,5.00
12/27/2018,22:00,319.84,322.17,301.50,316.13,8575133,0,11.06,5.00
12/28/2018,22:00,323.10,336.24,318.41,333.87,9938992,0,11.47,5.00
12/31/2018,22:00,337.79,339.21,325.26,332.80,6302338,0,11.89,5.00
01/02/2019,22:00,306.10,315.13,298.80,310.12,11658648,0,12.80,5.00
01/03/2019,22:00,307.00,309.40,297.38,300.36,6965184,0,13.90,5.00
01/04/2019,22:00,306.00,318.00,302.73,317.69,7394116,0,12.14,5.00
01/07/2019,22:00,321.72,336.74,317.75,334.96,7551225,0,8.40,5.00
01/08/2019,22:00,341.96,344.01,327.02,335.35,7008516,0,5.91,5.00
01/09/2019,22:00,335.50,343.50,331.47,338.53,5432945,0,5.18,5.00
01/10/2019,22:00,334.40,345.39,331.79,344.97,6056354,0,4.16,5.00
01/11/2019,22:00,342.09,348.41,338.77,347.26,5039052,0,4.16,5.00
01/14/2019,22:00,342.38,342.50,334.00,334.40,5247284,0,3.76,5.00
01/15/2019,22:00,335.00,348.80,334.50,344.43,6056590,0,3.77,5.00
01/16/2019,22:00,344.78,352.00,343.50,346.05,4691739,0,3.68,5.00
01/17/2019,22:00,346.21,351.50,344.15,347.31,3676733,0,3.68,5.00
01/18/2019,22:00,323.00,327.13,299.73,302.26,24150763,0,4.96,5.00
01/22/2019,22:00,304.82,308.00,295.50,298.92,12066741,0,5.26,5.00
01/23/2019,22:00,292.50,294.50,281.69,287.59,12529993,0,6.93,5.00
01/24/2019,22:00,283.03,293.68,279.28,291.51,8012155,0,8.15,5.00
01/25/2019,22:00,294.39,298.52,289.55,297.04,7258078,0,9.02,5.00
01/28/2019,22:00,292.91,297.46,287.75,296.38,6423279,0,9.84,5.00
01/29/2019,22:00,295.27,298.56,291.80,297.46,4621692,0,10.56,5.00
01/30/2019,22:00,300.45,309.00,298.49,308.77,11250318,0,10.97,5.00
01/31/2019,22:00,301.00,311.56,294.00,307.02,12569245,0,11.40,5.00
02/01/2019,22:00,305.42,316.10,303.50,312.21,7283441,0,11.67,5.00
02/04/2019,22:00,312.98,315.30,301.88,312.89,7352082,0,11.97,5.00
02/05/2019,22:00,312.49,322.44,312.25,321.35,6742765,0,12.13,5.00
02/06/2019,22:00,319.59,324.24,315.62,317.22,5038546,0,12.35,5.00
02/07/2019,22:00,313.30,314.70,303.00,307.51,6520611,0,2.19,5.00
02/08/2019,22:00,306.83,307.45,298.50,305.80,5844212,0,2.17,5.00
02/11/2019,22:00,311.60,318.60,310.50,312.84,7129713,0,1.91,5.00
02/12/2019,22:00,316.20,318.19,309.62,311.81,5517570,0,2.07,5.00
02/13/2019,22:00,312.35,312.75,305.57,308.17,5141617,0,2.34,5.00
02/14/2019,22:00,303.38,306.77,301.00,303.77,5200832,0,2.76,5.00
02/15/2019,22:00,304.50,308.00,303.90,307.88,3904947,0,2.98,5.00
02/19/2019,22:00,306.56,311.54,305.47,305.64,4168443,0,3.25,5.00
02/20/2019,22:00,304.41,306.30,299.00,302.56,7142117,0,3.60,5.00
02/21/2019,22:00,301.81,303.24,290.50,291.23,8909182,0,4.39,5.00
02/22/2019,22:00,294.49,296.50,292.10,294.71,5740558,0,4.92,5.00
02/25/2019,22:00,297.91,302.90,297.00,298.77,6626522,0,5.26,5.00
02/26/2019,22:00,292.22,302.01,288.77,297.86,8582535,0,4.51,5.00
02/27/2019,22:00,301.78,316.30,300.55,314.74,11183908,0,3.32,5.00
02/28/2019,22:00,318.92,320.00,310.81,319.88,10520653,0,3.31,5.00
03/01/2019,22:00,306.94,307.13,291.90,294.79,22911375,0,3.92,5.00
03/04/2019,22:00,298.12,299.00,282.78,285.36,17096818,0,4.72,5.00
03/05/2019,22:00,282.00,284.00,270.10,276.54,18764740,0,5.59,5.00
03/06/2019,22:00,276.48,281.51,274.39,276.24,10335485,0,6.64,5.00
03/07/2019,22:00,278.84,284.70,274.25,276.59,9442483,0,7.57,5.00
03/08/2019,22:00,276.91,285.59,275.89,284.14,8819625,0,8.03,5.00
03/11/2019,22:00,283.52,291.28,280.50,290.92,7392278,0,8.29,5.00
03/12/2019,22:00,286.49,288.07,281.06,283.36,7504137,0,8.73,5.00
03/13/2019,22:00,283.90,291.99,282.70,288.96,6844719,0,9.11,5.00
03/14/2019,22:00,292.45,295.39,288.29,289.96,7103447,0,9.45,5.00
03/15/2019,22:00,283.51,283.72,274.40,275.43,14785531,0,10.15,5.00
